Address: 0xCF728
                             00 01 02 03 04 05 06 07 08 09 0A 0B 0C 0D 0E 0F 10 11 12 13 14 15 16 17 18 19 1A 1B 1C 1D 1E 1F 20 21 22 23 24 25 26 27 28 29 2A 2B
-----------------------------------------------------------------------------------------------------------------------------------------------------------------
Pl. Movement Data          | 00 00 00 00 08 00 00 00 00 00 00 00 00 00 00 00 00 00 00 00 00 00 00 00 00 00 00 00 02 00 00 00 76 02 00 00 00 00 00 00 00 00 00 00
Attack                     | 01 00 00 00 01 00 00 00 00 00 00 00 0D 00 00 00 32 00 00 00 00 00 00 00 00 00 00 00 02 00 00 00 77 02 00 00 01 00 69 02 00 03 01 00
Defend                     | 02 00 00 00 08 00 00 00 00 00 00 00 00 00 00 00 00 00 00 00 00 00 10 64 01 00 00 00 01 00 00 00 78 02 00 00 00 00 00 00 00 00 00 00
Run Away                   | 03 00 00 00 08 00 00 00 00 00 00 00 00 00 00 00 00 00 00 00 00 00 00 00 00 00 00 00 00 00 00 00 79 02 00 00 00 00 00 00 00 00 00 00
Chapter 0 Attack           | 04 00 00 00 01 00 00 00 00 00 00 00 0D 00 00 00 09 00 00 00 00 00 00 00 00 00 00 00 02 00 00 00 77 02 00 00 01 00 69 02 00 01 01 00
Strange Attack             | 05 00 00 00 01 00 00 00 00 00 00 00 15 00 00 00 32 00 00 00 00 00 00 00 00 00 00 00 02 00 00 00 7B 02 00 00 49 00 69 02 04 00 00 00
Duster:Behind              | 06 00 00 00 08 00 00 00 00 00 00 00 00 00 00 00 00 00 00 00 00 00 00 00 00 00 00 00 02 00 00 00 7D 02 00 00 00 00 00 00 00 00 00 00
Duster:Back Up             | 07 00 00 00 01 00 00 00 00 00 00 00 0D 00 00 00 32 00 00 00 00 00 00 00 00 00 00 00 02 00 00 00 7E 02 00 00 01 00 00 00 00 00 00 00
Duster:Pre.Strike          | 08 00 00 00 01 00 00 00 00 00 00 00 0D 00 00 00 32 00 00 00 00 00 00 00 00 00 00 00 02 00 00 00 7F 02 00 00 01 00 00 00 00 00 00 00
(EMPTY)                    | 09 00 00 00 08 00 00 00 00 00 00 00 00 00 00 00 00 00 00 00 00 00 00 00 00 00 00 00 02 00 00 00 76 02 00 00 00 00 00 00 00 00 00 00
DCMC Intrusion             | 0A 00 00 00 08 00 00 00 00 00 00 00 00 00 00 00 00 00 00 00 00 00 00 00 00 00 00 00 02 00 00 00 85 02 00 00 00 00 00 00 00 00 00 00
Baccio's Line              | 0B 00 00 00 08 00 00 00 00 00 00 00 00 00 00 00 00 00 00 00 00 00 00 00 00 00 00 00 02 00 00 00 86 02 00 00 00 00 00 00 00 00 00 00
Baccio's Attack            | 0C 00 00 00 00 00 00 00 00 00 00 00 0D 00 00 00 00 00 C4 00 CC 00 00 00 00 00 00 00 02 00 00 00 86 02 00 00 02 00 69 02 00 00 00 00
Shimmy's Line              | 0D 00 00 00 08 00 00 00 00 00 00 00 00 00 00 00 00 00 00 00 00 00 00 00 00 00 00 00 02 00 00 00 88 02 00 00 00 00 00 00 00 00 00 00
Shimmy's Attack            | 0E 00 00 00 00 00 00 00 00 00 00 00 0D 00 00 00 00 00 BA 00 C0 00 00 00 00 00 00 00 02 00 00 00 88 02 00 00 02 00 69 02 00 00 00 00
Magic's Line               | 0F 00 00 00 08 00 00 00 00 00 00 00 00 00 00 00 00 00 00 00 00 00 00 00 00 00 00 00 02 00 00 00 8A 02 00 00 00 00 00 00 00 00 00 00
Magic's Attack             | 10 00 00 00 00 00 00 00 00 00 00 00 0D 00 00 00 00 00 E0 00 EC 00 00 00 00 00 00 00 02 00 00 00 8A 02 00 00 02 00 69 02 00 00 00 00
OJ's Line                  | 11 00 00 00 08 00 00 00 00 00 00 00 00 00 00 00 00 00 00 00 00 00 00 00 00 00 00 00 02 00 00 00 8C 02 00 00 00 00 00 00 00 00 00 00
OJ's Attack                | 12 00 00 00 00 00 00 00 00 00 00 00 0D 00 00 00 00 00 06 01 12 01 00 00 00 00 00 00 02 00 00 00 8C 02 00 00 02 00 69 02 00 00 00 00
Andonuts' Line             | 13 00 00 00 08 00 00 00 00 00 00 00 00 00 00 00 00 00 00 00 00 00 00 00 00 00 00 00 02 00 00 00 8E 02 00 00 00 00 00 00 00 00 00 00
Andonuts' attack           | 14 00 00 00 00 00 00 00 00 00 00 00 0D 00 00 00 00 00 70 02 78 02 00 00 00 00 00 00 02 00 00 00 8E 02 01 99 03 00 69 02 00 00 00 00
Wess' Line                 | 15 00 00 00 08 00 00 00 00 00 00 00 00 00 00 00 00 00 00 00 00 00 00 00 00 00 00 00 02 00 00 00 90 02 00 00 00 00 00 00 00 00 00 00
Wess' Attack               | 16 00 00 00 00 00 00 00 00 00 00 00 0D 00 00 00 00 00 02 01 09 01 00 00 00 00 00 00 02 00 00 00 90 02 00 00 02 00 69 02 00 00 00 00
Flint's Line               | 17 00 00 00 08 00 00 00 00 00 00 00 00 00 00 00 00 00 00 00 00 00 00 00 00 00 00 00 02 00 00 00 92 02 00 00 00 00 00 00 00 00 00 00
Flint's Attack             | 18 00 00 00 00 00 00 00 00 00 00 00 0D 00 00 00 00 00 61 03 6A 03 00 00 00 00 00 00 02 00 00 00 92 02 00 00 02 00 69 02 00 00 00 00
Lucas Cant Attack          | 19 00 00 00 08 00 00 00 00 00 00 00 00 00 00 00 00 00 00 00 00 00 00 00 00 00 00 00 02 00 00 00 82 02 00 00 00 00 00 00 00 00 00 00
(EMPTY)                    | 1A 00 00 00 08 00 00 00 00 00 00 00 00 00 00 00 00 00 00 00 00 00 00 00 00 00 00 00 02 00 00 00 76 02 00 00 00 00 00 00 00 00 00 00
Last Bash                  | 1B 00 00 00 01 00 00 00 00 00 00 00 0D 00 00 00 32 00 00 00 00 00 00 00 00 00 00 00 02 00 00 00 77 02 00 00 01 00 69 02 00 03 01 00
Last PSI                   | 1C 00 00 00 08 00 00 00 00 00 00 00 00 00 00 00 00 00 00 00 00 00 00 00 00 00 00 00 02 00 00 00 76 02 00 00 00 00 00 00 00 00 00 00
Last Goods                 | 1D 00 00 00 08 00 00 00 00 00 00 00 00 00 00 00 00 00 00 00 00 00 00 00 00 00 00 00 02 00 00 00 76 02 00 00 00 00 00 00 00 00 00 00
Last Guard                 | 1E 00 00 00 08 00 00 00 00 00 00 00 00 00 00 00 00 00 00 00 00 00 00 00 00 00 00 00 02 00 00 00 78 02 00 00 00 00 00 00 00 00 00 00
Flint: Special             | 1F 00 00 00 08 00 00 00 00 00 00 00 00 00 00 00 00 00 00 00 00 00 00 00 00 00 00 00 02 00 00 00 D8 01 00 00 00 00 00 00 00 00 00 00
Swing                      | 20 00 00 00 01 00 00 00 00 00 00 00 0E 00 00 00 2D 00 00 00 00 00 00 00 00 00 00 00 02 00 00 00 DD 01 00 00 01 00 69 02 04 00 01 00
Power Smash                | 21 00 00 00 01 00 00 00 00 00 00 00 0F 00 00 00 FA 00 00 00 00 00 00 00 00 00 00 00 02 00 00 00 DC 01 00 00 02 00 69 02 46 00 01 00
Strengthen Up              | 22 00 00 00 06 00 00 00 00 00 00 00 00 00 00 00 00 00 00 00 00 00 28 64 01 00 00 00 02 00 00 00 E3 01 00 00 00 00 69 02 00 00 00 00
Toughen Up                 | 23 00 00 00 06 00 00 00 00 00 00 00 00 00 00 00 00 00 00 00 00 00 29 64 01 00 00 00 02 00 00 00 E4 01 00 00 00 00 69 02 00 00 00 00
Duster: Thief              | 24 00 00 00 08 00 00 00 00 00 00 00 00 00 00 00 00 00 00 00 00 00 00 00 00 00 00 00 02 00 00 00 38 02 00 00 00 00 00 00 00 00 00 00
Wall Staple                | 25 00 00 00 06 00 00 00 00 00 00 00 0D 00 00 00 00 00 00 00 00 00 0D 64 01 00 00 00 02 00 00 00 39 02 00 A3 00 00 69 02 00 00 01 00
Siren Beetle               | 26 00 00 00 08 00 00 00 00 00 00 00 0D 00 00 00 00 00 00 00 00 00 00 00 00 00 00 00 02 00 00 00 3A 02 00 B8 00 00 69 02 00 00 01 00
Hypno-Pendulum             | 27 00 00 00 06 00 00 00 00 00 00 00 0D 00 00 00 00 00 00 00 00 00 03 55 01 00 00 00 02 00 00 00 3B 02 01 A4 00 00 69 02 00 00 01 00
Smoke Bomb                 | 28 00 00 00 06 00 00 00 00 00 00 00 0D 00 00 00 00 00 00 00 00 00 05 55 01 00 00 00 02 00 00 00 3C 02 01 73 00 00 69 02 00 00 01 00
Scary Mask                 | 29 00 00 00 06 00 00 00 00 00 00 00 0D 00 00 00 00 00 00 00 00 00 12 46 01 00 00 00 02 00 00 00 3D 02 01 5E 00 00 69 02 00 00 01 00
Tickle Stick               | 2A 00 00 00 06 00 00 00 00 00 00 00 0D 00 00 00 00 00 00 00 00 00 14 46 01 00 00 00 02 00 00 00 3E 02 01 5F 00 00 69 02 00 00 01 00
Boney: Sniff               | 2B 00 00 00 08 00 00 00 00 00 00 00 00 00 00 00 00 00 00 00 00 00 00 00 00 00 00 00 02 00 00 00 E6 01 00 00 00 00 00 00 00 00 00 00
Sniff                      | 2C 00 00 00 08 00 00 00 00 00 00 00 0D 00 00 00 00 00 00 00 00 00 00 00 00 00 00 00 02 00 00 00 E7 01 00 00 00 00 69 02 00 00 01 00
Salsa:Tricks               | 2D 00 00 00 08 00 00 00 00 00 00 00 00 00 00 00 00 00 00 00 00 00 00 00 00 00 00 00 02 00 00 00 4F 02 00 00 00 00 00 00 00 00 00 00
Apologize                  | 2E 00 00 00 06 00 00 00 00 00 00 00 0D 00 00 00 00 00 00 00 00 00 0E 64 01 00 00 00 02 00 00 00 4F 02 00 00 00 00 69 02 00 00 01 00
Make Laugh                 | 2F 00 00 00 06 00 00 00 00 00 00 00 0D 00 00 00 00 00 00 00 00 00 0F 64 01 00 00 00 02 00 00 00 4F 02 00 00 00 00 69 02 00 00 01 00
Dance                      | 30 00 00 00 06 00 00 00 00 00 00 00 15 00 00 00 00 00 00 00 00 00 00 64 01 00 00 00 02 00 00 00 64 02 00 00 00 00 69 02 00 00 01 00
Monkey Mimic               | 31 00 00 00 08 00 00 00 00 00 00 00 00 00 00 00 00 00 00 00 00 00 00 00 00 00 00 00 01 00 00 00 65 02 00 00 00 00 69 02 00 00 00 00
