Address: 0xEC930
                             00 01 02 03 04 05 06 07 08 09 0A 0B 0C 0D 0E 0F
-----------------------------------------------------------------------------
00                         | 00 00 00 00 00 00 00 00 00 00 00 00 00 00 00 00
01                         | 01 01 01 00 00 00 00 00 00 00 95 07 A0 07 50 04
02                         | 02 03 2B 2B 2B 00 00 00 00 00 94 07 9B 07 97 07
03                         | 03 01 04 00 00 00 00 00 00 00 95 07 9F 07 50 04
04                         | 04 01 05 00 00 00 00 00 00 00 95 07 9C 07 50 04
05                         | 05 01 02 00 00 00 00 00 00 00 95 07 A9 07 50 04
06                         | 06 01 51 00 00 00 00 00 00 00 94 07 7D 04 97 07
07                         | 07 01 03 00 00 00 00 00 00 00 95 07 AA 07 50 04
08                         | 08 01 06 00 00 00 00 00 00 00 95 07 97 01 50 04
09                         | 09 04 47 96 96 47 00 00 00 00 94 07 A1 07 97 07
0A                         | 0A 01 1E 00 00 00 00 00 00 00 94 07 A0 07 97 07
0B                         | 0B 01 07 00 00 00 00 00 00 00 95 07 91 05 50 04
0C                         | 0C 01 A2 00 00 00 00 00 00 00 95 07 99 01 50 04
0D                         | 0D 01 0F 00 00 00 00 00 00 00 95 07 9A 01 50 04
0E                         | 0E 01 7C 00 00 00 00 00 00 00 95 07 A9 01 50 04
0F                         | 0F 01 14 00 00 00 00 00 01 00 95 07 9E 07 50 04
10                         | 10 03 10 9B 9C 00 00 00 00 00 95 07 91 04 50 04
11                         | 11 01 61 00 00 00 00 00 00 00 95 07 AB 07 50 04
12                         | 12 03 62 62 62 00 00 00 00 00 94 07 A3 07 97 07
13                         | 13 01 3D 00 00 00 00 00 00 00 94 07 A7 07 97 07
14                         | 14 02 AC AC 00 00 00 00 00 00 94 07 82 05 97 07
15                         | 15 01 9A 00 00 00 00 00 00 00 94 07 7F 04 97 07
16                         | 16 01 22 00 00 00 00 00 00 00 94 07 A9 00 97 07
17                         | 17 01 7D 00 00 00 00 00 00 00 95 07 99 01 50 04
18                         | 18 01 8E 00 00 00 00 00 00 00 95 07 81 05 50 04
19                         | 19 01 16 00 00 00 00 00 00 00 95 07 82 05 50 04
1A                         | 1A 02 AC AC 00 00 00 01 00 00 94 07 9E 07 97 07
1B                         | 1B 03 AB 1D 1D 00 00 00 00 00 94 07 9A 01 97 07
1C                         | 1C 01 54 00 00 00 00 00 00 00 95 07 A4 07 50 04
1D                         | 1D 01 0D 00 00 00 00 00 00 00 95 07 84 04 50 04
1E                         | 1E 01 A3 00 00 00 00 00 00 00 94 07 7E 04 97 07
1F                         | 1F 01 6B 00 00 00 00 00 00 00 94 07 85 04 97 07
20                         | 20 01 09 00 00 00 00 00 00 00 95 07 7C 04 50 04
21                         | 21 01 2D 00 00 00 00 00 00 00 94 07 A3 07 97 07
22                         | 22 01 08 00 00 00 00 00 00 00 94 07 A7 07 97 07
23                         | 23 01 5B 00 00 00 00 00 01 00 94 07 7F 04 97 07
24                         | 24 01 0C 00 00 00 00 00 00 00 95 07 96 01 50 04
25                         | 25 05 2E 13 1A BB BC 00 00 00 95 07 95 01 50 04
26                         | 26 01 65 00 00 00 00 00 00 00 95 07 7D 04 50 04
27                         | 27 01 21 00 00 00 00 00 00 00 94 07 A1 07 97 07
28                         | 28 03 21 AC AC 00 00 00 00 00 94 07 A1 07 97 07
29                         | 29 02 21 21 00 00 00 00 00 00 94 07 A1 07 97 07
2A                         | 2A 03 21 1D 1D 00 00 00 00 00 94 07 A1 07 97 07
2B                         | 2B 03 BF C0 C3 00 00 00 00 00 94 07 9A 01 97 07
2C                         | 2C 01 01 00 00 00 00 00 00 00 94 07 A9 01 97 07
2D                         | 2D 01 18 00 00 00 00 00 00 00 95 07 89 04 50 04
2E                         | 2E 01 8D 00 00 00 00 00 00 00 94 07 A4 07 97 07
2F                         | 2F 01 00 00 00 00 00 00 00 00 95 07 9F 07 97 07
30                         | 30 01 5C 00 00 00 00 00 00 00 95 07 A7 07 50 04
31                         | 31 01 0E 00 00 00 00 00 00 00 95 07 9A 01 50 04
32                         | 32 01 AE 00 00 00 00 00 00 00 95 07 9F 07 50 04
33                         | 33 01 17 00 00 00 00 00 01 00 94 07 A5 07 97 07
34                         | 34 01 85 00 00 00 00 00 01 00 94 07 A5 07 97 07
35                         | 35 01 09 00 00 00 00 01 01 00 94 07 A7 07 97 07
36                         | 36 02 09 17 00 00 00 00 01 00 94 07 A7 07 97 07
37                         | 37 01 09 00 00 00 00 00 01 00 94 07 A7 07 97 07
38                         | 38 01 0B 00 00 00 00 00 00 00 95 07 94 01 50 04
39                         | 39 01 BD 00 00 00 00 00 00 00 95 07 92 07 50 04
3A                         | 3A 01 BE 00 00 00 00 00 00 00 95 07 8F 07 50 04
3B                         | 3B 01 BD 00 00 00 00 00 00 00 95 07 00 00 50 04
3C                         | 3C 01 BD 00 00 00 00 00 00 00 95 07 00 00 50 04
3D                         | 3D 01 01 00 00 00 00 00 00 00 94 07 9F 07 97 07
3E                         | 3E 01 01 00 00 00 00 00 00 00 94 07 9F 07 97 07
3F                         | 3F 05 01 80 80 80 80 00 00 00 94 07 9F 07 97 07
40                         | 40 01 1C 00 00 00 00 00 00 00 95 07 82 05 50 04
