Address: 0x1169C28
                             00 01 02 03 04 05 06 07
-----------------------------------------------------
000                        | 01 00 00 00 01 00 1D 15
001                        | 00 00 00 00 01 00 0A 21
002                        | 03 00 01 00 01 00 16 02
003                        | 03 00 01 00 02 00 16 02
004                        | 6C 00 01 00 02 00 01 19
005                        | 2C 00 01 00 02 00 2E 1A
006                        | 43 00 01 00 02 00 16 2E
007                        | 00 00 00 00 02 00 11 25
008                        | 00 00 00 00 02 00 09 26
009                        | 00 00 00 00 02 00 1E 26
00A                        | 00 00 00 00 02 00 09 18
00B                        | 00 00 00 00 02 00 0E 11
00C                        | 00 00 00 00 02 00 13 11
00D                        | 00 00 00 00 02 00 20 11
00E                        | 00 00 00 00 03 00 17 09
00F                        | 6C 00 01 00 03 00 01 1A
010                        | 43 00 01 00 03 00 1E 2E
011                        | 03 00 01 00 04 00 1E 02
012                        | 01 00 00 00 04 00 24 10
013                        | 2C 00 01 00 05 00 2E 19
014                        | 68 00 01 00 05 00 01 25
015                        | 00 00 00 00 05 00 0E 12
016                        | 00 00 00 00 05 00 22 10
017                        | 28 00 01 00 06 00 3E 25
018                        | 40 00 00 00 AC 01 08 3B
019                        | 00 00 00 00 06 00 21 0A
01A                        | 00 00 00 00 06 00 35 07
01B                        | 03 00 01 00 07 00 13 02
01C                        | 70 00 00 00 07 00 0F 30
01D                        | 03 00 01 00 08 00 1E 02
01E                        | 6C 00 01 00 08 00 01 16
01F                        | 20 00 00 00 08 00 38 17
020                        | 43 00 01 00 08 00 1E 2E
021                        | 2C 00 01 00 0B 00 2E 16
022                        | 03 00 01 00 0B 00 0A 02
023                        | 00 00 00 00 0B 00 14 14
024                        | 43 00 01 00 0C 00 0A 2E
025                        | 00 00 00 00 0C 00 11 12
026                        | 03 00 00 00 0C 00 19 01
027                        | 6C 00 01 00 0D 00 01 23
028                        | 00 00 00 00 0D 00 1A 14
029                        | 00 00 00 00 07 00 00 00
02A                        | 6C 00 01 00 0E 00 01 14
02B                        | 00 00 00 00 0E 00 02 00
02C                        | 60 00 00 00 0E 00 01 00
02D                        | 00 00 00 00 0E 00 00 00
02E                        | 41 00 00 00 0F 00 07 2E
02F                        | 41 00 00 00 0F 00 29 2E
030                        | 24 00 00 00 0F 00 2E 08
031                        | 01 00 00 00 0F 00 17 01
032                        | 00 00 00 00 10 00 0A 07
033                        | 00 00 00 00 10 00 0C 21
034                        | 00 00 00 00 10 00 17 08
035                        | 00 00 00 00 10 00 27 07
036                        | 40 00 00 00 65 00 0D 10
037                        | 01 00 00 00 65 00 13 07
038                        | 40 00 00 00 66 00 0D 0E
039                        | 40 00 00 00 67 00 10 0D
03A                        | 40 00 00 00 68 00 10 0D
03B                        | 40 00 00 00 69 00 10 0D
03C                        | 00 00 00 00 69 00 0E 09
03D                        | 40 00 00 00 6A 00 0F 0D
03E                        | 00 00 02 00 6A 00 0F 08
03F                        | 41 00 00 00 6B 00 10 0E
040                        | 40 00 00 00 6C 00 13 0E
041                        | 42 00 01 00 6D 00 0B 0D
042                        | 40 00 00 00 6E 00 0F 0E
043                        | 40 00 00 00 6E 00 07 07
044                        | 00 00 00 00 6F 00 05 09
045                        | 40 00 00 00 73 00 10 0E
046                        | 40 00 00 00 74 00 0F 0F
047                        | 40 00 00 00 70 00 0F 0E
048                        | 40 00 00 00 71 00 0F 0D
049                        | 00 00 00 00 71 00 14 08
04A                        | 40 00 00 00 72 00 14 09
04B                        | 40 00 00 00 75 00 0D 0D
04C                        | 20 00 00 00 9B 01 17 08
04D                        | 40 00 00 00 9B 01 0B 0F
04E                        | 00 00 00 00 9C 01 0E 06
04F                        | 40 00 00 00 9A 01 0F 20
050                        | 60 00 00 00 9A 01 0B 07
051                        | 20 00 00 00 9A 01 15 09
052                        | 40 00 00 00 9C 01 0F 0F
053                        | 40 00 00 00 9D 01 0C 0F
054                        | 00 00 00 00 9D 01 0E 06
055                        | 40 00 00 00 9E 01 0C 0C
056                        | 60 00 00 00 9F 01 09 08
057                        | 40 00 00 00 A1 01 16 19
058                        | 00 00 00 00 9F 01 12 06
059                        | 00 00 00 00 9F 01 16 28
05A                        | 40 00 00 00 9F 01 35 2F
05B                        | 40 00 00 00 A5 01 11 2E
05C                        | 00 00 00 00 A5 01 18 06
05D                        | 40 00 00 00 79 00 06 0F
05E                        | 00 00 02 00 79 00 0F 0A
05F                        | 00 00 02 00 79 00 14 0A
060                        | 00 00 02 00 79 00 19 0A
061                        | 41 00 00 00 7A 00 0F 0D
062                        | 41 00 00 00 7B 00 0F 0D
063                        | 41 00 00 00 7C 00 0F 0D
064                        | 40 00 00 00 82 00 0F 0E
065                        | 43 00 01 00 4A 00 08 1E
066                        | 43 00 01 00 11 00 29 3E
067                        | 01 00 00 00 48 00 1C 12
068                        | 6C 00 01 00 48 00 03 12
069                        | 2C 00 01 00 46 00 1C 0C
06A                        | 03 00 01 00 47 00 19 02
06B                        | 03 00 01 00 49 00 08 02
06C                        | 6C 00 01 00 49 00 01 3A
06D                        | 43 00 01 00 49 00 18 4E
06E                        | 00 00 00 00 4A 00 11 0C
06F                        | 03 00 01 00 4B 00 0A 02
070                        | 2C 00 01 00 4B 00 1E 5A
071                        | 03 00 01 00 4C 00 19 02
072                        | 00 00 00 00 4C 00 11 12
073                        | 2C 00 01 00 11 00 2E 28
074                        | 03 00 01 00 12 00 09 02
075                        | 2C 00 01 00 12 00 2E 0F
076                        | 6C 00 01 00 12 00 01 2A
077                        | 03 00 01 00 14 00 09 02
078                        | 2C 00 01 00 14 00 2E 0F
079                        | 43 00 01 00 4C 00 0A 2E
07A                        | 02 00 01 00 AB 01 18 02
07B                        | 00 00 00 00 13 00 28 06
07C                        | 43 00 01 00 13 00 06 1E
07D                        | 00 00 00 00 13 00 26 11
07E                        | 03 00 01 00 11 00 06 02
07F                        | 40 00 00 00 80 00 10 0E
080                        | 40 00 00 00 7E 00 10 0E
081                        | 40 00 00 00 7F 00 10 0E
082                        | 40 00 00 00 81 00 10 0E
083                        | 43 00 01 00 15 00 17 3E
084                        | 43 00 01 00 47 00 0A 2E
085                        | 00 80 00 00 2F 01 12 09
086                        | 00 80 00 00 43 01 16 20
087                        | 40 00 00 00 3E 01 11 09
088                        | 03 00 01 00 51 00 08 02
089                        | 6C 00 01 00 51 00 01 3A
08A                        | 43 00 01 00 51 00 18 4E
08B                        | 43 00 01 00 52 00 08 1E
08C                        | 43 00 01 00 53 00 08 1E
08D                        | 02 00 01 00 AB 01 1B 02
08E                        | 00 00 00 00 AB 01 0C 22
08F                        | 00 00 00 00 57 01 0F 06
090                        | 60 00 00 00 57 01 09 07
091                        | 20 00 00 00 57 01 16 0B
092                        | 40 00 00 00 57 01 0F 0C
093                        | 60 00 00 00 58 01 08 0D
094                        | 20 00 00 00 58 01 12 08
095                        | 20 00 00 00 59 01 15 07
096                        | 40 00 00 00 5F 01 0D 0D
097                        | 00 00 00 00 60 01 0B 08
098                        | 40 00 00 00 60 01 0B 0D
099                        | 00 00 00 00 61 01 0B 09
09A                        | 00 00 00 00 61 01 14 09
09B                        | 40 00 00 00 61 01 0A 10
09C                        | 60 00 00 00 5A 01 07 07
09D                        | 40 00 00 00 5A 01 0E 08
09E                        | 00 00 00 00 5B 01 0F 08
09F                        | 20 00 00 00 61 01 18 0D
0A0                        | 00 00 00 00 62 01 09 09
0A1                        | 20 00 00 00 63 01 11 0B
0A2                        | 40 00 00 00 63 01 10 0F
0A3                        | 60 00 00 00 64 01 08 11
0A4                        | 00 00 00 00 64 01 0F 10
0A5                        | 60 00 00 00 5B 01 09 0D
0A6                        | 01 00 00 00 2D 01 0F 07
0A7                        | 60 00 00 00 2D 01 06 08
0A8                        | 20 00 00 00 2D 01 19 08
0A9                        | 41 00 00 00 2D 01 0F 0C
0AA                        | 20 00 00 00 2E 01 15 08
0AB                        | 00 00 00 00 2F 01 0F 07
0AC                        | 60 00 00 00 2F 01 0A 08
0AD                        | 41 00 00 00 30 01 0F 19
0AE                        | 40 00 00 00 31 01 0E 09
0AF                        | 00 00 00 00 31 01 12 08
0B0                        | 00 00 00 00 31 01 1E 08
0B1                        | 00 00 00 00 32 01 10 08
0B2                        | 24 00 00 00 32 01 16 0A
0B3                        | 64 00 00 00 33 01 0A 0A
0B4                        | 00 00 00 00 33 01 10 08
0B5                        | 40 00 00 00 33 01 14 09
0B6                        | 00 00 00 00 34 01 10 08
0B7                        | 00 00 00 00 35 01 12 08
0B8                        | 00 00 00 00 35 01 1E 08
0B9                        | 24 00 00 00 35 01 24 0A
0BA                        | 40 00 00 00 35 01 12 0E
0BB                        | 40 00 00 00 35 01 1E 0E
0BC                        | 00 00 00 00 36 01 10 08
0BD                        | 64 00 00 00 36 01 0A 0A
0BE                        | 24 00 00 00 36 01 16 0A
0BF                        | 40 00 00 00 36 01 10 0E
0C0                        | 00 00 00 00 37 01 10 08
0C1                        | 64 00 00 00 37 01 0A 0A
0C2                        | 24 00 00 00 37 01 16 0A
0C3                        | 40 00 00 00 37 01 10 0E
0C4                        | 00 00 00 00 38 01 12 08
0C5                        | 00 00 00 00 38 01 1A 08
0C6                        | 04 00 00 00 38 01 0C 0A
0C7                        | 40 00 00 00 38 01 1A 0E
0C8                        | 40 00 00 00 39 01 10 0E
0C9                        | 24 00 00 00 39 01 16 0A
0CA                        | 64 00 00 00 3A 01 0A 0A
0CB                        | 40 00 00 00 3A 01 10 0E
0CC                        | 24 00 00 00 3A 01 16 0A
0CD                        | 64 00 00 00 3B 01 0A 0A
0CE                        | 40 00 00 00 3B 01 10 0E
0CF                        | 24 00 00 00 3B 01 16 0A
0D0                        | 64 00 00 00 3C 01 0A 0A
0D1                        | 40 00 00 00 3C 01 10 0E
0D2                        | 24 00 00 00 3C 01 16 0A
0D3                        | 64 00 00 00 3D 01 0C 0A
0D4                        | 40 00 00 00 3D 01 12 0E
0D5                        | 40 00 00 00 3D 01 1A 0E
0D6                        | 00 80 00 00 3E 01 0F 05
0D7                        | 00 00 00 00 3E 01 13 07
0D8                        | 20 00 00 00 3E 01 15 08
0D9                        | 00 80 00 00 43 01 0D 04
0DA                        | 40 00 00 00 3F 01 0B 0D
0DB                        | 00 80 00 00 40 01 0F 05
0DC                        | 40 00 00 00 40 01 0D 0C
0DD                        | 60 00 00 00 41 01 0A 08
0DE                        | 00 00 00 00 41 01 0F 07
0DF                        | 41 00 00 00 41 01 1D 09
0E0                        | 01 00 00 00 42 01 0A 07
0E1                        | 41 00 00 00 42 01 0A 10
0E2                        | 24 00 01 00 53 03 13 09
0E3                        | 64 00 01 00 49 03 04 10
0E4                        | 24 00 01 00 49 03 1C 17
0E5                        | 00 80 00 00 44 01 0E 04
0E6                        | 41 00 00 00 44 01 0D 26
0E7                        | 64 00 00 00 45 01 06 08
0E8                        | 40 00 00 00 45 01 0E 23
0E9                        | 01 00 01 00 6A 03 0F 08
0EA                        | 42 00 01 00 1A 00 07 2E
0EB                        | 6C 00 01 00 46 00 03 0C
0EC                        | 02 00 01 00 3A 00 08 03
0ED                        | 02 00 01 00 3A 00 14 05
0EE                        | 02 00 01 00 3B 00 08 02
0EF                        | 42 00 01 00 3B 00 08 4E
0F0                        | 42 00 01 00 3C 00 09 1E
0F1                        | 42 00 01 00 42 00 15 1E
0F2                        | 60 00 00 00 5C 01 08 11
0F3                        | 01 00 01 00 5C 01 0D 0F
0F4                        | 00 00 00 00 5C 01 14 10
0F5                        | 00 00 00 00 5C 01 1E 10
0F6                        | 00 00 00 00 5C 01 25 10
0F7                        | 00 00 00 00 5C 01 2C 10
0F8                        | 01 00 01 00 5C 01 31 0F
0F9                        | 20 00 00 00 5C 01 37 11
0FA                        | 40 00 00 00 5C 01 1E 12
0FB                        | 60 00 00 00 5D 01 09 0D
0FC                        | 40 00 00 00 5E 01 11 0B
0FD                        | 00 00 00 00 64 01 1E 10
0FE                        | 00 00 00 00 64 01 31 10
0FF                        | 20 00 00 00 64 01 37 11
100                        | 41 00 00 00 64 01 0D 13
101                        | 40 00 00 00 64 01 18 12
102                        | 40 00 00 00 64 01 27 12
103                        | 41 00 00 00 64 01 31 13
104                        | 00 00 00 00 65 01 0C 07
105                        | 20 00 00 00 65 01 11 08
106                        | 60 00 00 00 66 01 08 08
107                        | 20 00 00 00 66 01 0E 0B
108                        | 40 00 00 00 67 01 09 0E
109                        | 60 00 00 00 68 01 08 11
10A                        | 00 00 00 00 68 01 0D 10
10B                        | 2C 00 01 00 56 00 1E 5A
10C                        | 03 00 01 00 56 00 0A 02
10D                        | 00 80 00 00 57 00 04 0A
10E                        | 00 80 00 00 57 00 1A 0A
10F                        | 00 80 00 00 B1 00 0A 02
110                        | 43 00 01 00 B1 00 1F 3E
111                        | 03 00 01 00 09 00 16 02
112                        | 43 00 01 00 09 00 16 2E
113                        | 00 00 00 00 09 00 1F 09
114                        | 43 00 01 00 0A 00 16 2E
115                        | 01 00 00 00 0A 00 17 11
116                        | 40 00 00 00 0A 00 25 13
117                        | 01 00 00 00 0A 00 13 03
118                        | 03 00 01 00 D2 00 16 02
119                        | 6C 00 01 00 D2 00 01 19
11A                        | 2C 00 01 00 D2 00 2E 1A
11B                        | 43 00 01 00 D2 00 16 2E
11C                        | 00 00 00 00 D2 00 11 25
11D                        | 00 00 00 00 47 00 11 12
11E                        | 03 00 01 00 55 00 06 02
11F                        | 6C 00 01 00 14 00 01 2A
120                        | 00 00 00 00 15 00 10 19
121                        | 00 00 00 00 17 00 07 47
122                        | 01 00 01 00 17 00 1A 02
123                        | 41 00 01 00 19 00 30 2E
124                        | 40 00 00 00 68 01 0D 12
125                        | 00 00 00 00 69 01 0B 08
126                        | 00 00 00 00 6A 01 0C 08
127                        | 00 00 00 00 6B 01 0C 08
128                        | 40 00 00 00 6B 01 0D 0D
129                        | 00 00 00 00 6C 01 0B 07
12A                        | 20 00 00 00 6C 01 19 08
12B                        | 40 00 00 00 6C 01 0B 0E
12C                        | 00 00 00 00 6D 01 09 07
12D                        | 00 00 00 00 6E 01 11 07
12E                        | 40 00 00 00 6E 01 08 0E
12F                        | 40 00 00 00 6F 01 11 0C
130                        | 00 00 00 00 70 01 0F 07
131                        | 00 00 00 00 90 01 11 12
132                        | 41 00 00 00 90 01 12 4E
133                        | 00 80 00 00 91 01 11 06
134                        | 41 00 00 00 91 01 06 1A
135                        | 20 00 00 00 70 01 17 0E
136                        | 03 00 01 00 16 00 07 01
137                        | 03 00 01 00 16 00 25 01
138                        | 43 00 01 00 16 00 08 2E
139                        | 60 00 00 00 A7 01 12 0C
13A                        | 40 00 00 00 A7 01 18 14
13B                        | 20 00 00 00 A7 01 1E 0C
13C                        | 40 00 00 00 77 00 10 0E
13D                        | 40 00 00 00 78 00 0F 11
13E                        | 03 00 01 00 58 00 08 02
13F                        | 6C 00 01 00 58 00 01 3A
140                        | 43 00 01 00 58 00 18 4E
141                        | 43 00 01 00 59 00 08 1E
142                        | 03 00 01 00 5A 00 06 02
143                        | 2C 00 01 00 5A 00 2E 28
144                        | 43 00 01 00 5A 00 29 3E
145                        | 20 00 00 00 A9 01 13 08
146                        | 00 00 00 00 6C 02 11 08
147                        | 43 00 01 00 10 00 37 2E
148                        | 2C 00 01 00 15 00 2E 26
149                        | 00 00 00 00 99 01 05 07
14A                        | 40 00 00 00 99 01 10 0F
14B                        | 40 00 00 00 6C 02 18 0A
14C                        | 60 00 00 00 6D 02 0A 09
14D                        | 60 00 00 00 6D 02 0A 10
14E                        | 20 00 00 00 6E 02 13 08
14F                        | 00 00 00 00 6F 02 17 08
150                        | 40 00 00 00 6F 02 17 12
151                        | 60 00 00 00 6F 02 0F 0A
152                        | 20 00 00 00 6F 02 1F 0A
153                        | 20 00 00 00 70 02 15 0D
154                        | 00 00 00 00 70 02 11 0A
155                        | 40 00 00 00 71 02 0F 0E
156                        | 40 00 00 00 72 02 0F 0E
157                        | 40 00 00 00 73 02 0F 0E
158                        | 40 00 00 00 73 02 16 0A
159                        | 20 00 00 00 74 02 17 09
15A                        | 20 00 00 00 74 02 17 10
15B                        | 60 00 00 00 75 02 09 0D
15C                        | 00 00 00 00 75 02 0D 0B
15D                        | 00 00 00 00 75 02 15 0B
15E                        | 00 00 00 00 75 02 1D 0B
15F                        | 40 00 00 00 75 02 15 12
160                        | 60 00 00 00 76 02 09 0D
161                        | 00 00 00 00 76 02 0C 0C
162                        | 00 00 00 00 76 02 1E 0C
163                        | 40 00 00 00 77 02 10 0E
164                        | 40 00 00 00 78 02 10 11
165                        | 40 00 00 00 78 02 1F 11
166                        | 20 00 00 00 78 02 20 0D
167                        | 60 00 00 00 79 02 0A 09
168                        | 60 00 00 00 79 02 0A 10
169                        | 00 00 00 00 7A 02 10 09
16A                        | 40 00 00 00 7B 02 11 09
16B                        | 00 00 00 00 7B 02 20 07
16C                        | 20 00 00 00 7B 02 24 08
16D                        | 60 00 00 00 7C 02 0D 08
16E                        | 00 00 00 00 7C 02 11 07
16F                        | 40 00 00 00 7C 02 20 09
170                        | 20 00 00 00 7D 02 17 09
171                        | 20 00 00 00 7D 02 17 10
172                        | 40 00 00 00 7E 02 0F 0E
173                        | 60 00 00 00 7F 02 06 10
174                        | 40 00 00 00 7F 02 1A 12
175                        | 00 00 00 00 80 02 0D 09
176                        | 00 00 00 00 80 02 1C 09
177                        | 00 00 00 00 81 02 10 09
178                        | 40 00 00 00 81 02 10 0E
179                        | 40 00 00 00 82 02 0D 11
17A                        | 00 80 00 00 78 02 1B 07
17B                        | 00 00 00 00 7C 02 1F 08
17C                        | 40 00 00 00 A4 01 13 1C
17D                        | 40 00 00 00 A4 01 30 1A
17E                        | 00 00 00 00 82 02 0D 0C
17F                        | C0 00 00 00 84 02 0F 11
180                        | A0 00 00 00 84 02 14 0D
181                        | 60 00 00 00 85 02 09 10
182                        | 60 00 00 00 85 02 09 09
183                        | 20 00 00 00 86 02 11 10
184                        | 20 00 00 00 86 02 11 09
185                        | 60 00 00 00 87 02 08 09
186                        | 20 00 00 00 87 02 17 09
187                        | 60 00 00 00 83 02 08 09
188                        | 20 00 00 00 83 02 17 09
189                        | 60 00 00 00 88 02 09 10
18A                        | 60 00 00 00 88 02 09 09
18B                        | 60 00 00 00 89 02 08 09
18C                        | 00 00 00 00 89 02 10 08
18D                        | 20 00 00 00 89 02 17 09
18E                        | 20 00 00 00 8A 02 11 10
18F                        | 20 00 00 00 8A 02 11 09
190                        | 60 00 00 00 8B 02 09 10
191                        | 20 00 00 00 8B 02 25 10
192                        | 00 80 00 00 8C 02 08 02
193                        | 42 00 01 00 8C 02 24 1D
194                        | 60 00 00 00 8D 02 09 10
195                        | 60 00 00 00 8D 02 09 09
196                        | 00 00 00 00 8E 02 10 05
197                        | 20 00 00 00 8E 02 28 09
198                        | 41 00 00 00 8F 02 0F 0E
199                        | 00 00 00 00 D2 00 09 26
19A                        | 00 00 00 00 D2 00 1E 26
19B                        | 00 00 00 00 D2 00 09 18
19C                        | 00 00 00 00 D2 00 0E 11
19D                        | 00 00 00 00 D2 00 13 11
19E                        | 00 00 00 00 D2 00 20 11
19F                        | 00 00 00 00 D1 00 0A 21
1A0                        | 03 00 01 00 D1 00 16 02
1A1                        | 40 00 00 00 76 00 16 0B
1A2                        | 00 00 00 00 76 00 0A 08
1A3                        | 00 00 00 00 76 00 16 08
1A4                        | 00 00 00 00 81 00 16 07
1A5                        | 43 00 00 00 D3 00 16 2E
1A6                        | 01 00 00 00 D3 00 17 11
1A7                        | 40 00 00 00 D3 00 25 13
1A8                        | 01 00 00 00 D3 00 13 03
1A9                        | 43 00 00 00 D4 00 16 2E
1AA                        | 01 00 00 00 D4 00 17 11
1AB                        | 40 00 00 00 D4 00 25 13
1AC                        | 01 00 00 00 D4 00 13 03
1AD                        | 00 80 00 00 92 02 0B 05
1AE                        | 40 00 00 00 92 02 0B 10
1AF                        | 00 00 00 00 93 02 0C 08
1B0                        | 00 00 00 00 93 02 1D 08
1B1                        | 00 80 00 00 94 02 0F 0A
1B2                        | 40 00 00 00 94 02 0F 0E
1B3                        | 00 80 00 00 95 02 0D 05
1B4                        | 00 80 00 00 96 02 0D 05
1B5                        | 40 00 00 00 F4 01 0F 26
1B6                        | 00 00 00 00 F5 01 0F 09
1B7                        | 28 00 01 00 F5 01 16 0E
1B8                        | 68 00 01 00 F5 01 08 0E
1B9                        | 28 00 01 00 F6 01 74 07
1BA                        | 68 00 01 00 F6 01 08 07
1BB                        | 28 00 01 00 F7 01 74 07
1BC                        | 68 00 01 00 F7 01 08 07
1BD                        | 28 00 01 00 F8 01 74 07
1BE                        | 68 00 01 00 F8 01 08 07
1BF                        | 28 00 01 00 F9 01 24 0E
1C0                        | 68 00 01 00 F9 01 06 0E
1C1                        | 43 00 01 00 F9 01 14 1A
1C2                        | 00 80 00 00 FA 01 10 05
1C3                        | 28 00 01 00 FA 01 17 0E
1C4                        | 68 00 01 00 FB 01 07 19
1C5                        | 03 00 01 00 FC 01 11 06
1C6                        | 60 00 00 00 FC 01 0B 0A
1C7                        | 00 00 00 00 09 00 0D 15
1C8                        | 41 00 00 00 C4 01 0B 1A
1C9                        | 41 00 00 00 C4 01 2A 1B
1CA                        | 00 00 00 00 C5 01 15 0E
1CB                        | 40 00 00 00 C5 01 15 17
1CC                        | 42 00 01 00 1B 00 07 2E
1CD                        | 43 00 01 00 1B 00 14 2E
1CE                        | 41 00 01 00 1B 00 25 2E
1CF                        | 41 00 01 00 1B 00 33 2E
1D0                        | 01 00 00 00 1B 00 13 0E
1D1                        | 02 00 01 00 1C 00 07 02
1D2                        | 03 00 01 00 1C 00 14 02
1D3                        | 01 00 01 00 1C 00 25 02
1D4                        | 01 00 01 00 1C 00 33 02
1D5                        | 00 00 00 00 1E 00 0A 21
1D6                        | 03 00 01 00 1E 00 16 02
1D7                        | 03 00 01 00 1F 00 16 02
1D8                        | 2C 00 01 00 1F 00 2E 1A
1D9                        | 6C 00 01 00 1F 00 01 19
1DA                        | 43 00 01 00 1F 00 16 2E
1DB                        | 00 00 00 00 1F 00 0A 18
1DC                        | 00 00 00 00 1F 00 08 0E
1DD                        | 00 00 00 00 1F 00 10 0E
1DE                        | 00 00 00 00 1F 00 26 11
1DF                        | 00 00 00 00 1F 00 09 26
1E0                        | 00 00 00 00 1F 00 10 26
1E1                        | 00 00 00 00 1F 00 23 27
1E2                        | 6C 00 01 00 20 00 01 1A
1E3                        | 43 00 01 00 20 00 1E 2E
1E4                        | 00 00 00 00 20 00 17 09
1E5                        | 00 00 00 00 20 00 24 25
1E6                        | 03 00 01 00 21 00 1E 02
1E7                        | 01 00 00 00 21 00 24 10
1E8                        | 2C 00 01 00 22 00 2E 19
1E9                        | 68 00 01 00 22 00 01 24
1EA                        | 00 00 00 00 22 00 0E 12
1EB                        | 00 00 00 00 22 00 22 10
1EC                        | 28 00 01 00 23 00 3E 24
1ED                        | 60 00 00 00 23 00 01 0A
1EE                        | 00 00 00 00 23 00 21 0A
1EF                        | 00 00 00 00 23 00 35 07
1F0                        | 03 00 01 00 24 00 1E 02
1F1                        | 6C 00 01 00 24 00 01 16
1F2                        | 03 00 01 00 25 00 1E 02
1F3                        | 6C 00 01 00 25 00 01 16
1F4                        | 24 00 01 00 25 00 39 16
1F5                        | 43 00 01 00 25 00 1E 2E
1F6                        | 64 00 01 00 26 00 0B 07
1F7                        | 24 00 01 00 26 00 74 07
1F8                        | 64 00 01 00 27 00 0B 07
1F9                        | 24 00 01 00 27 00 74 07
1FA                        | 64 00 01 00 29 00 11 17
1FB                        | 24 00 01 00 29 00 2E 17
1FC                        | 03 00 01 00 29 00 1E 02
1FD                        | 64 00 01 00 28 00 0C 07
1FE                        | 24 00 01 00 28 00 3E 07
1FF                        | 00 00 00 00 2A 00 1F 1F
200                        | 43 00 01 00 2A 00 16 2E
201                        | 64 00 01 00 2B 00 0C 07
202                        | 24 00 01 00 2B 00 74 07
203                        | 64 00 01 00 2C 00 0B 07
204                        | 24 00 01 00 2C 00 54 07
205                        | 64 00 01 00 2D 00 11 07
206                        | 24 00 01 00 2D 00 2E 07
207                        | 64 00 01 00 2E 00 11 0F
208                        | 03 00 01 00 2E 00 36 02
209                        | 00 00 00 00 64 00 14 14
20A                        | 43 00 01 00 2F 00 16 1E
20B                        | 02 00 01 00 2F 00 0F 15
20C                        | 03 00 01 00 2F 00 1A 02
20D                        | 40 00 01 00 B9 00 2C 2C
20E                        | EC 00 01 00 C2 00 01 1B
20F                        | 03 00 01 00 DC 00 07 01
210                        | 41 00 01 00 B9 00 1A 2D
211                        | 60 00 01 00 B9 00 05 16
212                        | 20 00 01 00 BA 00 0A 07
213                        | 01 00 01 00 BA 00 25 24
214                        | 00 00 00 00 42 03 0B 07
215                        | 24 00 01 00 42 03 1B 0D
216                        | 64 00 01 00 43 03 07 0D
217                        | 01 00 01 00 43 03 14 04
218                        | 01 00 01 00 43 03 0E 07
219                        | 41 00 01 00 44 03 0F 11
21A                        | 41 00 01 00 44 03 09 11
21B                        | 01 00 01 00 44 03 0B 07
21C                        | 41 00 01 00 45 03 0A 11
21D                        | 24 00 01 00 45 03 19 11
21E                        | 28 00 01 00 45 03 18 0A
21F                        | 64 00 01 00 47 03 07 11
220                        | 68 00 01 00 47 03 08 0A
221                        | 28 00 01 00 46 03 18 0A
222                        | 00 00 00 00 46 03 0D 04
223                        | 24 00 01 00 46 03 19 11
224                        | 41 00 01 00 46 03 0A 11
225                        | C0 00 00 00 BB 00 15 16
226                        | 83 00 01 00 BB 00 07 01
227                        | C3 00 01 00 BD 00 32 1E
228                        | 83 00 01 00 BD 00 1A 01
229                        | 42 00 01 00 5C 00 10 4E
22A                        | 00 00 00 00 5C 00 11 04
22B                        | 01 00 00 00 49 03 15 08
22C                        | 64 00 00 00 54 03 03 17
22D                        | 01 00 01 00 54 03 16 08
22E                        | 41 00 00 00 55 03 18 1B
22F                        | 01 00 01 00 55 03 0C 08
230                        | 24 00 01 00 55 03 1A 0B
231                        | 41 00 01 00 56 03 18 1B
232                        | 64 00 01 00 56 03 05 0B
233                        | 01 00 01 00 56 03 16 08
234                        | C3 00 01 00 BC 00 27 1E
235                        | 83 00 01 00 BC 00 08 01
236                        | 00 00 00 00 95 02 24 13
237                        | 28 00 01 00 BF 00 2E 17
238                        | 68 00 01 00 BE 00 01 16
239                        | 03 00 01 00 BE 00 31 01
23A                        | C3 00 01 00 5F 00 0B 2E
23B                        | 00 00 00 00 AE 00 12 19
23C                        | 41 00 01 00 AE 00 0F 2E
23D                        | 40 00 00 00 35 00 06 2E
23E                        | 01 00 00 00 4F 00 02 01
23F                        | 42 01 01 00 AF 00 14 1E
240                        | 00 80 00 00 93 00 14 03
241                        | 40 00 00 00 4A 00 13 07
242                        | 00 80 00 00 CA 01 09 08
243                        | 24 00 01 00 CA 01 20 15
244                        | 24 00 01 00 CA 01 20 11
245                        | 00 00 00 00 CA 01 10 0B
246                        | 64 00 01 00 DB 01 07 15
247                        | 64 00 01 00 DB 01 07 11
248                        | 20 00 00 00 DB 01 19 10
249                        | 00 00 00 00 DB 01 11 0B
24A                        | 00 00 00 00 DB 01 15 0B
24B                        | 40 00 00 00 DC 01 0B 09
24C                        | 40 00 00 00 DD 01 0B 09
24D                        | 41 00 01 00 57 03 15 0F
24E                        | 64 00 01 00 57 03 04 0B
24F                        | 24 00 01 00 58 03 1B 0B
250                        | 41 00 01 00 58 03 06 0F
251                        | 01 00 00 00 58 03 0A 09
252                        | 41 00 00 00 78 03 09 26
253                        | 00 00 00 00 BF 00 0B 0A
254                        | 24 00 01 00 6A 03 14 09
255                        | 64 00 01 00 5E 03 08 10
256                        | 24 00 01 00 5E 03 17 10
257                        | 64 00 01 00 6B 03 0B 09
258                        | 01 00 01 00 6B 03 0F 08
259                        | 01 00 00 00 5F 03 0D 0B
25A                        | 24 00 01 00 5F 03 13 0C
25B                        | 64 00 01 00 60 03 0A 0B
25C                        | 00 00 00 00 60 03 13 08
25D                        | 40 00 00 00 61 03 15 10
25E                        | 20 00 00 00 1B 00 3E 17
25F                        | 60 00 00 00 1D 00 01 1D
260                        | 64 00 01 00 61 03 07 0B
261                        | A4 00 01 00 62 03 17 0D
262                        | 00 80 00 00 28 02 12 15
263                        | 40 00 00 00 28 02 16 19
264                        | 00 00 00 00 26 02 10 08
265                        | 42 00 01 00 26 02 0F 0E
266                        | 00 00 00 00 27 02 14 08
267                        | 40 00 00 00 27 02 10 0E
268                        | 00 80 00 00 29 02 13 04
269                        | 10 00 00 00 29 02 21 15
26A                        | 60 00 00 00 2A 02 06 08
26B                        | 10 00 00 00 2A 02 1A 0A
26C                        | 70 00 00 00 2B 02 09 08
26D                        | 00 80 00 00 2B 02 1B 08
26E                        | 00 80 00 00 2C 02 10 0B
26F                        | 00 80 01 00 2C 02 53 18
270                        | 40 00 00 00 2F 00 0B 03
271                        | 00 00 00 00 55 00 15 14
272                        | 00 00 00 00 5A 00 15 14
273                        | 40 00 00 00 7D 00 0F 0E
274                        | 00 00 00 00 7D 00 0B 07
275                        | 40 00 00 00 83 00 0A 0E
276                        | 00 00 00 00 03 00 24 25
277                        | 20 00 00 00 24 00 38 17
278                        | 43 00 01 00 24 00 1E 2E
279                        | 01 00 00 00 AD 01 0F 1D
27A                        | 00 00 00 00 AE 01 1C 09
27B                        | 00 00 00 00 AE 01 1D 0F
27C                        | 60 00 00 00 AE 01 06 0D
27D                        | 00 00 00 00 AF 01 0C 09
27E                        | 00 00 00 00 AF 01 1B 09
27F                        | 20 00 00 00 AF 01 1E 0A
280                        | 00 00 00 00 B0 01 0F 09
281                        | 60 00 00 00 B0 01 08 0A
282                        | 40 00 00 00 B0 01 0F 0E
283                        | 60 00 00 00 B1 01 0B 0D
284                        | 20 00 00 00 B1 01 13 0A
285                        | 20 00 00 00 B2 01 18 0A
286                        | 40 00 00 00 B2 01 14 0E
287                        | 00 00 00 00 B3 01 0C 09
288                        | 40 00 00 00 B3 01 0C 0E
289                        | 00 00 00 00 B4 01 0C 09
28A                        | 40 00 00 00 B4 01 0C 0E
28B                        | 60 00 00 00 B5 01 08 0A
28C                        | 40 00 00 00 B5 01 0E 0E
28D                        | 60 00 00 00 B6 01 06 0A
28E                        | 20 00 00 00 B6 01 19 0A
28F                        | 40 00 00 00 B6 01 09 0E
290                        | 20 00 00 00 B7 01 17 0A
291                        | 40 00 00 00 B7 01 0B 11
292                        | 00 80 00 00 B8 01 16 04
293                        | 00 00 00 00 B8 01 0E 0F
294                        | 80 80 00 00 B9 01 0E 08
295                        | C0 00 00 00 B9 01 0C 29
296                        | 00 80 00 00 BA 01 11 08
297                        | 40 00 00 00 BA 01 15 15
298                        | 00 00 00 00 BB 01 23 12
299                        | 00 80 00 00 BB 01 0B 4B
29A                        | 41 00 00 00 BC 01 13 16
29B                        | 40 00 00 00 BC 01 1F 10
29C                        | 6C 00 01 00 30 00 01 0E
29D                        | 2C 00 01 00 30 00 1E 0C
29E                        | 01 00 00 00 30 00 0E 0D
29F                        | 43 00 01 00 30 00 0D 1E
2A0                        | 80 00 00 00 31 00 0F 0C
2A1                        | 81 00 00 00 31 00 25 16
2A2                        | 80 00 00 00 62 03 09 08
2A3                        | 00 00 00 00 32 00 03 15
2A4                        | 43 00 01 00 32 00 12 2E
2A5                        | 03 00 01 00 33 00 0A 02
2A6                        | 2C 00 01 00 33 00 2E 1C
2A7                        | 00 00 00 00 33 00 1F 19
2A8                        | 01 00 03 00 34 00 0F 06
2A9                        | 6C 00 01 00 34 00 01 1C
2AA                        | 2C 00 01 00 34 00 1E 22
2AB                        | 00 00 00 00 35 00 0E 04
2AC                        | 6C 00 01 00 35 00 01 32
2AD                        | 01 00 01 00 36 00 0F 12
2AE                        | 41 00 01 00 36 00 0F 1E
2AF                        | 2C 00 01 00 37 00 1E 04
2B0                        | 41 00 01 00 37 00 0C 1E
2B1                        | 6C 00 01 00 38 00 01 07
2B2                        | 43 00 01 00 38 00 0D 2E
2B3                        | 03 00 01 00 39 00 0D 02
2B4                        | 01 00 00 00 39 00 1C 12
2B5                        | 01 00 00 00 39 00 25 19
2B6                        | 02 00 01 00 3A 00 05 03
2B7                        | 02 00 01 00 3A 00 11 05
2B8                        | 2C 00 01 00 3A 00 1D 0F
2B9                        | 02 00 01 00 3B 00 05 02
2BA                        | 42 00 01 00 3B 00 05 4E
2BB                        | 2C 00 01 00 3C 00 1E 0F
2BC                        | 42 00 01 00 3C 00 06 1E
2BD                        | 6C 00 01 00 3D 00 01 04
2BE                        | 2C 00 01 00 3D 00 0E 04
2BF                        | 6C 00 01 00 3E 00 01 04
2C0                        | 2C 00 01 00 3E 00 0E 04
2C1                        | 6C 00 01 00 3F 00 01 04
2C2                        | 2C 00 01 00 3F 00 0E 04
2C3                        | 6C 00 01 00 40 00 01 04
2C4                        | 2C 00 01 00 40 00 0E 04
2C5                        | 6C 00 01 00 41 00 01 0E
2C6                        | 6C 00 01 00 41 00 67 0E
2C7                        | 6C 00 01 00 42 00 01 0D
2C8                        | 42 00 01 00 42 00 12 1E
2C9                        | AC 00 01 00 35 00 05 0C
2CA                        | EC 00 01 00 35 00 1A 0C
2CB                        | 80 00 00 00 96 02 0D 1E
2CC                        | C0 00 00 00 63 03 08 11
2CD                        | 60 00 02 00 33 00 1A 0A
2CE                        | 00 00 00 00 71 01 22 07
2CF                        | 60 00 00 00 71 01 08 08
2D0                        | 40 00 00 00 50 01 0A 0D
2D1                        | 20 00 00 00 4C 01 19 0C
2D2                        | 60 00 00 00 4D 01 07 0C
2D3                        | 00 00 00 00 4E 01 0D 07
2D4                        | 60 00 00 00 4E 01 08 0C
2D5                        | 20 00 00 00 4E 01 12 0C
2D6                        | 00 00 00 00 4F 01 09 07
2D7                        | 40 00 00 00 4F 01 17 0C
2D8                        | 40 00 00 00 8D 00 14 07
2D9                        | 40 00 00 00 8E 00 0F 13
2DA                        | 40 00 00 00 8F 00 0F 0E
2DB                        | 41 00 00 00 90 00 0F 0C
2DC                        | 40 00 00 00 91 00 10 0D
2DD                        | 00 00 00 00 91 00 0E 09
2DE                        | 01 00 00 00 92 00 0E 07
2DF                        | 40 00 00 00 92 00 0F 0D
2E0                        | 40 00 00 00 93 00 10 0D
2E1                        | 41 00 00 00 94 00 13 12
2E2                        | 42 00 01 00 95 00 0B 0D
2E3                        | 02 00 01 00 2A 03 26 01
2E4                        | 42 00 01 00 C4 02 17 3E
2E5                        | 40 00 00 00 97 00 16 08
2E6                        | 40 00 00 00 98 00 10 0D
2E7                        | 40 00 00 00 99 00 10 0E
2E8                        | 40 00 00 00 9B 00 0F 0F
2E9                        | 40 00 00 00 9C 00 10 0D
2EA                        | 40 00 00 00 9D 00 08 0D
2EB                        | 40 00 00 00 9E 00 12 13
2EC                        | 40 00 00 00 A1 00 10 0F
2ED                        | 42 00 00 00 A5 00 0E 0E
2EE                        | 00 00 00 00 A5 00 0B 07
2EF                        | 40 00 00 00 AA 00 0F 0E
2F0                        | 42 00 00 00 AB 00 09 0E
2F1                        | 00 00 00 00 4D 00 10 1B
2F2                        | 2C 00 01 00 4D 00 2E 26
2F3                        | 43 00 01 00 4D 00 17 3E
2F4                        | 03 00 01 00 64 00 0A 02
2F5                        | 2C 00 01 00 64 00 2E 16
2F6                        | 41 00 00 00 A6 00 08 0E
2F7                        | 41 00 00 00 A7 00 09 0E
2F8                        | 40 00 00 00 A8 00 0F 0E
2F9                        | 40 00 00 00 A9 00 0C 13
2FA                        | 6C 00 01 00 7B 01 01 04
2FB                        | 41 00 01 00 7B 01 0F 2D
2FC                        | 41 00 01 00 7B 01 28 14
2FD                        | 2C 00 01 00 7B 01 2E 07
2FE                        | 01 00 01 00 7C 01 0F 34
2FF                        | 01 00 01 00 7C 01 28 1B
300                        | 00 80 00 00 83 01 19 12
301                        | 00 80 00 00 83 01 25 24
302                        | 00 80 00 00 83 01 0B 26
303                        | 00 80 00 00 84 01 20 11
304                        | 00 80 00 00 84 01 2A 12
305                        | 00 80 00 00 84 01 31 14
306                        | 00 80 00 00 84 01 23 14
307                        | 00 80 00 00 84 01 27 18
308                        | 00 80 00 00 84 01 32 23
309                        | 00 80 00 00 84 01 0C 18
30A                        | 00 80 00 00 84 01 0F 1D
30B                        | 00 80 00 00 84 01 1E 22
30C                        | 00 80 00 00 84 01 27 21
30D                        | 00 80 00 00 84 01 0E 28
30E                        | 00 80 00 00 84 01 17 27
30F                        | 00 80 00 00 84 01 1B 25
310                        | 00 80 00 00 84 01 2A 27
311                        | 00 80 00 00 84 01 1B 2F
312                        | 00 80 00 00 85 01 1D 0F
313                        | 00 80 00 00 85 01 20 11
314                        | 00 80 00 00 85 01 23 14
315                        | 00 80 00 00 85 01 2E 0E
316                        | 00 80 00 00 85 01 33 0C
317                        | 00 80 00 00 85 01 31 10
318                        | 00 80 00 00 85 01 27 18
319                        | 00 80 00 00 85 01 2A 12
31A                        | 00 80 00 00 85 01 31 14
31B                        | 00 80 00 00 85 01 0C 18
31C                        | 00 80 00 00 85 01 0B 21
31D                        | 00 80 00 00 85 01 2E 28
31E                        | 00 80 00 00 85 01 32 23
31F                        | 00 80 00 00 85 01 17 1F
320                        | 00 80 00 00 85 01 1B 25
321                        | 00 80 00 00 85 01 17 27
322                        | 00 80 00 00 85 01 1E 22
323                        | 00 80 00 00 85 01 2A 27
324                        | 00 80 00 00 85 01 27 21
325                        | 00 80 00 00 85 01 2E 25
326                        | 00 80 00 00 86 01 1D 0F
327                        | 00 80 00 00 86 01 2E 0E
328                        | 00 80 00 00 86 01 31 10
329                        | 00 80 00 00 86 01 33 0C
32A                        | 00 80 00 00 86 01 3A 0C
32B                        | 00 80 00 00 86 01 3B 12
32C                        | 00 80 00 00 86 01 09 26
32D                        | 00 80 00 00 86 01 0B 21
32E                        | 00 80 00 00 86 01 17 1F
32F                        | 00 80 00 00 86 01 2E 25
330                        | 00 80 00 00 86 01 2E 28
331                        | 00 80 00 00 87 01 09 12
332                        | 00 80 00 00 87 01 0A 18
333                        | 20 00 00 00 87 01 31 07
334                        | 60 00 00 00 88 01 08 16
335                        | 00 80 00 00 88 01 18 04
336                        | 00 80 00 00 89 01 09 12
337                        | 00 80 00 00 89 01 0E 09
338                        | 00 80 00 00 8A 01 0E 0D
339                        | 00 80 00 00 8A 01 0E 09
33A                        | 00 80 00 00 8B 01 0D 0F
33B                        | 00 80 00 00 8B 01 0A 06
33C                        | 00 80 00 00 85 01 09 26
33D                        | 00 80 00 00 85 01 0E 28
33E                        | 02 00 00 00 46 01 0F 02
33F                        | 00 80 00 00 46 01 09 1A
340                        | 00 80 00 00 46 01 04 21
341                        | 41 00 01 00 46 01 07 3E
342                        | 41 00 01 00 46 01 16 3E
343                        | 01 00 01 00 48 01 0F 02
344                        | 00 80 00 00 48 01 0D 1F
345                        | 01 00 01 00 49 01 0F 02
346                        | 41 00 01 00 49 01 0B 3E
347                        | 01 00 01 00 4A 01 0C 02
348                        | 41 00 01 00 4A 01 0A 3E
349                        | 01 00 01 00 4B 01 0F 02
34A                        | 00 80 00 00 4B 01 12 0E
34B                        | 00 80 00 00 4B 01 08 14
34C                        | 00 80 00 00 4B 01 11 13
34D                        | 00 80 00 00 4B 01 19 12
34E                        | 00 80 00 00 4B 01 17 1A
34F                        | 41 00 01 00 4B 01 0E 3E
350                        | 01 00 01 00 47 01 0E 01
351                        | 41 00 00 00 47 01 0E 3E
352                        | 00 80 00 00 74 01 0B 05
353                        | 00 80 00 00 74 01 06 0C
354                        | 00 80 00 00 75 01 0B 05
355                        | 00 80 00 00 75 01 13 12
356                        | 00 80 00 00 76 01 0B 05
357                        | 00 80 00 00 77 01 0B 05
358                        | 00 80 00 00 78 01 0B 05
359                        | 00 80 00 00 79 01 09 0C
35A                        | 00 80 00 00 7A 01 12 05
35B                        | 00 80 00 00 7A 01 10 0D
35C                        | 03 00 01 00 B8 00 08 02
35D                        | 6C 00 01 00 B8 00 01 3A
35E                        | 43 00 01 00 B8 00 18 4E
35F                        | E4 00 01 00 63 03 07 0B
360                        | 80 00 00 00 63 03 15 08
361                        | A4 00 01 00 63 03 17 0B
362                        | A0 00 00 00 64 03 17 0B
363                        | C0 00 00 00 65 03 15 12
364                        | D4 00 01 00 66 03 07 0B
365                        | 80 00 00 00 66 03 16 08
366                        | C0 00 00 00 67 03 08 1B
367                        | A0 00 00 00 67 03 1E 18
368                        | E0 00 00 00 68 03 01 18
369                        | A0 00 00 00 68 03 1E 11
36A                        | A0 00 00 00 68 03 1E 16
36B                        | E0 00 00 00 69 03 01 11
36C                        | E0 00 00 00 69 03 01 16
36D                        | 81 00 01 00 69 03 10 11
36E                        | 28 00 01 00 B4 00 2E 17
36F                        | 68 00 01 00 B3 00 01 16
370                        | 03 00 00 00 B3 00 31 01
371                        | C3 00 01 00 B5 00 0B 2E
372                        | 80 00 00 00 B5 00 1B 0E
373                        | 60 00 00 00 CE 00 0F 30
374                        | 03 00 01 00 CE 00 13 01
375                        | E8 00 01 00 5F 00 01 27
376                        | 28 00 01 00 6C 03 1E 0C
377                        | E8 00 01 00 B5 00 01 27
378                        | 28 00 01 00 6D 03 1E 0C
379                        | 03 00 01 00 C0 00 1E 02
37A                        | 01 00 00 00 C0 00 24 10
37B                        | EC 00 03 00 C1 00 01 1B
37C                        | 40 00 00 00 D7 01 10 0C
37D                        | 64 00 01 00 33 00 01 19
37E                        | 24 00 01 00 FB 00 1E 1B
37F                        | 03 00 01 00 FE 00 10 01
380                        | 40 00 00 00 DA 01 0A 0D
381                        | 00 00 00 00 D9 01 29 0B
382                        | 42 00 01 00 C3 00 0E 11
383                        | 01 00 01 00 C3 00 15 0A
384                        | 41 00 01 00 C4 00 15 0E
385                        | 41 00 01 00 81 01 2E 3C
386                        | 40 00 01 00 C5 00 0F 0F
387                        | 40 00 01 00 C6 00 0F 0F
388                        | 40 00 00 00 C7 00 0F 0F
389                        | 00 00 00 00 52 00 12 0C
38A                        | 40 00 00 00 54 01 12 09
38B                        | 2C 00 01 00 AB 01 34 29
38C                        | 00 00 00 00 C8 00 10 1B
38D                        | 2C 00 01 00 C8 00 2E 26
38E                        | 43 00 01 00 C8 00 17 3E
38F                        | 02 00 01 00 DC 00 25 02
390                        | 43 00 01 00 DC 00 08 2E
391                        | 43 00 01 00 DD 00 16 2E
392                        | 03 00 01 00 DD 00 16 02
393                        | 43 00 01 00 DE 00 16 2E
394                        | 40 00 00 00 DE 00 25 13
395                        | 01 00 00 00 DE 00 17 11
396                        | 01 00 00 00 DE 00 13 03
397                        | 6C 00 01 00 92 01 04 05
398                        | 2C 00 01 00 92 01 1B 05
399                        | 6C 00 01 00 7D 01 02 05
39A                        | 2C 00 01 00 7D 01 2D 05
39B                        | 6C 00 01 00 8F 01 04 05
39C                        | 2C 00 01 00 8F 01 1B 05
39D                        | 02 00 01 00 72 01 0E 02
39E                        | 02 00 01 00 72 01 11 02
39F                        | 6C 00 01 00 72 01 01 0F
3A0                        | 2C 00 01 00 72 01 1E 0F
3A1                        | 02 00 01 00 73 01 10 02
3A2                        | 02 00 01 00 73 01 13 02
3A3                        | 6C 00 01 00 73 01 01 0F
3A4                        | 2C 00 01 00 73 01 1E 0F
3A5                        | 02 00 01 00 7E 01 05 03
3A6                        | 02 00 01 00 7E 01 08 03
3A7                        | 42 00 01 00 7E 01 05 3D
3A8                        | 42 00 01 00 7E 01 08 3D
3A9                        | 02 00 01 00 7F 01 05 03
3AA                        | 02 00 01 00 7F 01 08 03
3AB                        | 42 00 01 00 7F 01 05 1E
3AC                        | 42 00 01 00 7F 01 08 1E
3AD                        | 02 00 01 00 80 01 10 02
3AE                        | 02 00 01 00 80 01 13 02
3AF                        | 6C 00 01 00 80 01 02 4F
3B0                        | 42 00 01 00 80 01 08 7C
3B1                        | 42 00 01 00 80 01 0B 7C
3B2                        | 42 00 01 00 80 01 14 7E
3B3                        | 42 00 01 00 80 01 17 7E
3B4                        | 6C 00 01 00 82 01 04 05
3B5                        | 2C 00 01 00 82 01 7B 05
3B6                        | 6C 00 01 00 8C 01 02 05
3B7                        | 42 00 01 00 8C 01 15 3E
3B8                        | 42 00 01 00 8C 01 18 3E
3B9                        | 6C 00 01 00 8D 01 01 0F
3BA                        | 2C 00 01 00 8D 01 2E 0F
3BB                        | 42 00 01 00 8D 01 0F 1E
3BC                        | 01 00 00 00 8E 01 0E 05
3BD                        | 02 00 01 00 93 01 1B 02
3BE                        | 02 00 01 00 93 01 1E 02
3BF                        | 2C 00 01 00 93 01 3E 1B
3C0                        | 42 00 01 00 93 01 0D 3E
3C1                        | 42 00 01 00 93 01 10 3E
3C2                        | 42 00 01 00 93 01 31 3E
3C3                        | 42 00 01 00 93 01 34 3E
3C4                        | 6C 00 01 00 94 01 02 05
3C5                        | 2C 00 01 00 94 01 7D 05
3C6                        | 42 00 01 00 95 01 0F 1D
3C7                        | 2C 00 01 00 95 01 3E 0F
3C8                        | 02 00 01 00 FB 01 14 06
3C9                        | 03 00 01 00 D9 00 06 02
3CA                        | 00 00 00 00 D9 00 15 14
3CB                        | 43 00 00 00 D9 00 29 3E
3CC                        | 2C 00 01 00 D9 00 2E 28
3CD                        | 6C 00 01 00 DA 00 01 2A
3CE                        | 03 00 01 00 DA 00 09 02
3CF                        | 2C 00 01 00 DA 00 2E 0F
3D0                        | 00 00 00 00 88 00 0F 07
3D1                        | 00 00 00 00 4E 00 12 19
3D2                        | 40 00 00 00 4F 00 0A 17
3D3                        | 43 00 01 00 4E 00 0E 2E
3D4                        | 00 00 00 00 4F 00 0A 1C
3D5                        | 43 00 01 00 4F 00 0C 4E
3D6                        | 64 00 01 00 2F 03 09 08
3D7                        | 10 00 00 00 07 00 19 37
3D8                        | 00 00 00 00 07 00 0E 3E
3D9                        | 00 00 00 00 07 00 17 3D
3DA                        | 00 00 00 00 07 00 0F 49
3DB                        | 00 00 00 00 07 00 16 45
3DC                        | 00 00 00 00 07 00 04 36
3DD                        | 41 00 00 00 89 00 0E 0A
3DE                        | 41 00 00 00 8A 00 0E 0A
3DF                        | 41 00 00 00 8B 00 0E 0A
3E0                        | 41 00 00 00 8C 00 0E 0A
3E1                        | 2C 00 01 00 FE 00 1E 07
3E2                        | 00 80 00 00 5D 00 0D 09
3E3                        | 40 00 00 00 5D 00 15 25
3E4                        | 40 00 00 00 5E 00 0B 0A
3E5                        | 40 00 00 00 5E 00 14 10
3E6                        | 40 00 00 00 87 00 0F 11
3E7                        | 00 00 00 00 87 00 0F 07
3E8                        | 40 00 00 00 88 00 0F 11
3E9                        | 80 00 00 00 5F 00 1B 0E
3EA                        | 81 00 01 00 5F 00 27 0D
3EB                        | 41 00 00 00 60 00 09 1A
3EC                        | 41 00 00 00 60 00 39 13
3ED                        | 80 00 00 00 61 00 06 38
3EE                        | 02 00 01 00 62 00 0C 01
3EF                        | 00 00 00 00 62 00 22 0E
3F0                        | 00 00 00 00 62 00 08 1D
3F1                        | 20 00 00 00 A8 01 1E 0C
3F2                        | 6C 00 01 00 03 01 01 07
3F3                        | 00 00 00 00 03 01 14 06
3F4                        | 01 00 00 00 00 01 0A 01
3F5                        | 01 00 00 00 00 01 19 01
3F6                        | 2C 00 01 00 00 01 1E 07
3F7                        | 6C 00 01 00 FF 00 01 07
3F8                        | 43 00 01 00 FF 00 10 0E
3F9                        | 2C 00 01 00 FF 00 1E 07
3FA                        | 01 00 00 00 FF 00 0B 01
3FB                        | 03 00 01 00 B2 00 06 02
3FC                        | 00 80 00 00 B2 00 2B 46
3FD                        | 40 00 00 00 E0 00 0F 09
3FE                        | 6C 00 01 00 D9 01 06 15
3FF                        | 01 00 00 00 FF 00 16 01
400                        | EC 00 01 00 02 01 01 17
401                        | EC 00 01 00 02 01 01 04
402                        | 00 00 00 00 00 01 12 06
403                        | C1 00 00 00 01 01 0B 1E
404                        | C1 00 00 00 01 01 16 1E
405                        | AC 00 01 00 01 01 1E 14
406                        | 82 00 01 00 01 01 10 0F
407                        | 2C 00 01 00 05 01 1E 07
408                        | 6C 00 01 00 FE 00 01 07
409                        | 42 00 01 00 18 00 14 1E
40A                        | 00 00 00 00 18 00 15 0B
40B                        | 40 00 00 00 63 00 20 1C
40C                        | 40 00 00 00 DF 00 0F 11
40D                        | 40 00 00 00 E0 00 0F 11
40E                        | 40 00 00 00 23 00 29 17
40F                        | 01 00 00 00 5A 03 0F 09
410                        | 24 00 01 00 5A 03 14 09
411                        | 64 00 01 00 5B 03 07 0B
412                        | 24 00 01 00 5B 03 17 0B
413                        | 00 00 00 00 5B 03 0F 0C
414                        | 64 00 01 00 5C 03 0B 09
415                        | 01 00 00 00 5C 03 0F 09
416                        | 40 00 00 00 FC 00 0F 11
417                        | 00 00 00 00 4D 03 0B 07
418                        | 24 00 01 00 4D 03 11 08
419                        | 64 00 01 00 48 03 08 08
41A                        | 00 00 00 00 48 03 15 07
41B                        | 00 00 00 00 4A 03 10 07
41C                        | 40 00 00 00 4A 03 0C 0A
41D                        | 40 00 00 00 E1 00 0F 11
41E                        | 03 00 01 00 26 00 12 01
41F                        | 01 00 00 00 8E 00 13 0D
420                        | 00 00 00 00 8E 00 09 0B
421                        | 40 00 00 00 A0 00 09 14
422                        | 00 00 00 00 94 00 14 0D
423                        | 00 00 00 00 94 00 0A 0D
424                        | 01 00 00 00 A1 00 07 07
425                        | 00 00 00 00 9A 00 0B 07
426                        | 00 00 00 00 9A 00 14 07
427                        | 00 00 00 00 9A 00 1D 07
428                        | 41 00 00 00 9A 00 07 0C
429                        | 40 00 00 00 A2 00 0F 0F
42A                        | 40 00 00 00 A3 00 0F 0F
42B                        | 40 00 00 00 A4 00 0F 0F
42C                        | 00 00 00 00 FE 00 1A 04
42D                        | 40 00 00 00 2B 03 09 0F
42E                        | 00 00 00 00 2B 03 1C 09
42F                        | 40 00 00 00 2C 03 25 13
430                        | 00 00 00 00 2C 03 10 07
431                        | 40 00 00 00 7C 03 18 0A
432                        | 00 00 00 00 7C 03 08 07
433                        | 40 00 00 00 4E 03 0C 0A
434                        | 40 00 00 00 4F 03 0E 0B
435                        | 40 00 00 00 50 03 0D 0A
436                        | 40 00 00 00 4B 03 18 0A
437                        | 00 00 00 00 4B 03 10 07
438                        | 00 00 00 00 4B 03 18 07
439                        | 00 00 00 00 4B 03 08 07
43A                        | 40 00 00 00 52 03 0C 0A
43B                        | 20 00 01 00 2D 03 23 18
43C                        | 00 00 00 00 2D 03 0E 07
43D                        | 40 00 00 00 51 03 0F 0D
43E                        | 40 00 00 00 4C 03 08 0A
43F                        | 00 00 00 00 4C 03 16 07
440                        | 40 00 00 00 5D 03 0E 12
441                        | 64 00 00 00 5D 03 04 0D
442                        | 24 00 00 00 2E 03 11 08
443                        | 00 00 00 00 2E 03 0B 07
444                        | 00 00 00 00 3C 03 10 07
445                        | 40 00 00 00 3E 03 18 09
446                        | 40 00 00 00 6E 03 10 0A
447                        | 00 00 00 00 6E 03 0D 07
448                        | 00 00 00 00 6E 03 10 07
449                        | 00 00 00 00 6E 03 19 07
44A                        | EC 00 01 00 01 01 01 14
44B                        | C1 00 00 00 06 01 0A 1E
44C                        | C1 00 00 00 06 01 19 1E
44D                        | AC 00 01 00 06 01 1E 14
44E                        | 42 00 01 00 AC 00 0F 15
44F                        | 40 00 00 00 C6 01 0F 0D
450                        | 00 00 00 00 C6 01 0F 09
451                        | 00 00 00 00 C6 01 0A 05
452                        | 40 00 00 00 C7 01 15 14
453                        | 40 00 00 00 C7 01 11 10
454                        | 00 00 00 00 C7 01 09 0B
455                        | 40 00 00 00 C8 01 08 0A
456                        | 00 00 00 00 C8 01 09 07
457                        | 40 00 00 00 C9 01 0C 0C
458                        | 42 00 01 00 70 03 0E 14
459                        | 64 00 01 00 70 03 06 0D
45A                        | 24 00 01 00 70 03 18 0D
45B                        | 24 00 01 00 72 03 13 0A
45C                        | 00 00 00 00 72 03 0F 08
45D                        | 64 00 01 00 71 03 0A 0B
45E                        | 00 00 00 00 73 03 0F 08
45F                        | 24 00 01 00 73 03 13 0A
460                        | 64 00 01 00 74 03 07 09
461                        | 01 00 01 00 74 03 0E 07
462                        | 41 00 01 00 75 03 0F 17
463                        | 00 00 00 00 4A 03 07 07
464                        | 00 00 00 00 7C 03 10 07
465                        | 00 00 00 00 7C 03 18 07
466                        | 40 00 00 00 C9 01 0E 08
467                        | 40 00 00 00 CB 01 1E 09
468                        | 00 00 00 00 CB 01 1E 07
469                        | 60 00 00 00 CB 01 08 08
46A                        | 40 00 00 00 CC 01 1E 09
46B                        | 60 00 00 00 CC 01 08 08
46C                        | 24 00 01 00 CD 01 10 0F
46D                        | 24 00 01 00 CD 01 10 0A
46E                        | 01 00 00 00 78 03 14 06
46F                        | 40 00 00 00 BF 02 0F 0D
470                        | 00 00 00 00 BF 02 0F 08
471                        | 40 00 00 00 BC 02 10 13
472                        | 00 00 00 00 BC 02 10 0B
473                        | 41 00 00 00 79 03 09 26
474                        | 01 00 00 00 79 03 14 06
475                        | 40 00 00 00 C0 02 0F 0D
476                        | 00 00 00 00 C0 02 0F 08
477                        | C0 00 00 00 BD 02 08 0F
478                        | 80 00 00 00 BD 02 26 07
479                        | 41 00 00 00 7A 03 09 26
47A                        | 01 00 00 00 7A 03 14 06
47B                        | 40 00 00 00 C1 02 0F 0D
47C                        | 00 00 00 00 C1 02 0F 08
47D                        | 40 00 00 00 BE 02 0B 11
47E                        | 00 00 00 00 BE 02 15 0B
47F                        | 41 00 00 00 77 03 09 26
480                        | 01 00 00 00 77 03 14 08
481                        | 40 00 00 00 1F 03 17 0B
482                        | 00 00 00 00 1F 03 17 06
483                        | 40 00 00 00 20 03 0E 0E
484                        | 00 00 00 00 20 03 51 06
485                        | 40 00 00 00 21 03 0F 0B
486                        | 00 00 00 00 21 03 0F 06
487                        | 41 00 01 00 25 03 0F 3B
488                        | 01 00 01 00 25 03 0F 05
489                        | C1 00 00 00 24 03 0F 25
48A                        | 42 00 01 00 FD 00 0E 11
48B                        | 40 00 00 00 FD 00 0F 09
48C                        | 00 00 00 00 35 03 13 07
48D                        | 40 00 00 00 37 03 30 09
48E                        | 00 00 00 00 37 03 30 07
48F                        | 00 00 00 00 38 03 0A 07
490                        | 00 00 00 00 3C 03 16 07
491                        | 00 00 00 00 3C 03 10 07
492                        | 40 00 00 00 3E 03 24 09
493                        | 00 00 00 00 3E 03 24 07
494                        | 00 00 00 00 6E 03 16 07
495                        | 40 00 00 00 39 03 10 09
496                        | 00 00 00 00 39 03 10 07
497                        | 42 00 01 00 29 03 28 2E
498                        | 40 00 00 00 2A 03 2A 3B
499                        | 00 00 00 00 2D 03 22 07
49A                        | 40 00 00 00 C3 02 06 2C
49B                        | 00 00 00 00 C3 02 2F 0E
49C                        | 40 00 00 00 C5 02 33 2C
49D                        | 02 00 01 00 C5 02 2D 01
49E                        | 42 00 01 00 C2 02 0F 3E
49F                        | 00 00 00 00 C2 02 12 18
4A0                        | 00 00 00 00 6C 03 0F 04
4A1                        | 40 00 00 00 7B 03 12 0E
4A2                        | 00 00 00 00 1E 03 0F 09
4A3                        | 40 00 00 00 1E 03 0F 7C
4A4                        | 02 00 01 00 80 03 03 01
4A5                        | 42 00 01 00 80 03 1D 3E
4A6                        | 02 00 01 00 81 03 15 01
4A7                        | 00 00 00 00 E4 00 15 0B
4A8                        | 42 00 02 00 E4 00 14 1E
4A9                        | 00 00 00 00 99 00 17 04
4AA                        | 40 00 00 00 9F 00 10 0D
4AB                        | 00 00 00 00 84 00 22 20
4AC                        | 41 00 00 00 85 00 06 19
4AD                        | 41 00 00 00 85 00 17 19
4AE                        | 00 00 00 00 86 00 05 32
4AF                        | 01 00 00 00 86 00 16 33
4B0                        | 00 00 00 00 86 00 1F 0F
4B1                        | 40 00 00 00 51 01 0A 0B
4B2                        | 00 00 00 00 51 01 14 0E
4B3                        | 41 00 00 00 52 01 17 14
4B4                        | 00 80 00 00 81 03 1E 2E
4B5                        | 00 80 00 00 83 03 09 01
4B6                        | 00 00 00 00 83 03 17 32
4B7                        | 02 00 01 00 22 03 2E 01
4B8                        | 42 00 01 00 22 03 26 3E
4B9                        | 00 00 00 00 00 00 00 00
4BA                        | 00 00 00 00 00 00 00 00
4BB                        | 00 00 00 00 00 00 00 00
4BC                        | 00 00 00 00 00 00 00 00
4BD                        | 00 00 00 00 23 03 0C 09
4BE                        | 40 00 00 00 23 03 0C 0E
4BF                        | 00 00 00 00 00 00 00 00
4C0                        | 00 00 00 00 00 00 00 00
4C1                        | 00 00 00 00 00 00 00 00
4C2                        | 00 00 00 00 84 00 0C 1E
4C3                        | 00 00 00 00 00 00 00 00
4C4                        | 00 00 00 00 00 00 00 00
4C5                        | 00 00 00 00 00 00 00 00
4C6                        | 00 00 00 00 00 00 00 00
4C7                        | 00 00 00 00 00 00 00 00
4C8                        | 00 00 00 00 00 00 00 00
4C9                        | 00 00 00 00 00 00 00 00
4CA                        | 00 00 00 00 00 00 00 00
4CB                        | 00 00 00 00 00 00 00 00
4CC                        | 00 00 00 00 00 00 00 00
4CD                        | 00 00 00 00 00 00 00 00
4CE                        | 00 00 00 00 00 00 00 00
4CF                        | 00 00 00 00 00 00 00 00
4D0                        | 00 00 00 00 00 00 00 00
4D1                        | 00 00 00 00 00 00 00 00
4D2                        | 00 00 00 00 00 00 00 00
4D3                        | 00 00 00 00 00 00 00 00
4D4                        | 00 00 00 00 00 00 00 00
4D5                        | 00 00 00 00 00 00 00 00
4D6                        | 00 00 00 00 00 00 00 00
4D7                        | 00 00 00 00 00 00 00 00
4D8                        | 00 00 00 00 00 00 00 00
4D9                        | 00 00 00 00 00 00 00 00
4DA                        | 00 00 00 00 00 00 00 00
4DB                        | 00 00 00 00 00 00 00 00
4DC                        | 00 00 00 00 00 00 00 00
4DD                        | 00 00 00 00 00 00 00 00
4DE                        | 00 00 00 00 00 00 00 00
4DF                        | 00 00 00 00 00 00 00 00
4E0                        | 00 00 00 00 00 00 00 00
4E1                        | 00 00 00 00 00 00 00 00
4E2                        | 00 00 00 00 00 00 00 00
4E3                        | 00 00 00 00 00 00 00 00
4E4                        | 00 00 00 00 00 00 00 00
4E5                        | 00 00 00 00 00 00 00 00
4E6                        | 00 00 00 00 00 00 00 00
4E7                        | 00 00 00 00 00 00 00 00
4E8                        | 00 00 00 00 00 00 00 00
4E9                        | 00 00 00 00 00 00 00 00
4EA                        | 00 00 00 00 00 00 00 00
4EB                        | 00 00 00 00 00 00 00 00
4EC                        | 00 00 00 00 00 00 00 00
4ED                        | 00 00 00 00 00 00 00 00
4EE                        | 00 00 00 00 00 00 00 00
4EF                        | 00 00 00 00 00 00 00 00
4F0                        | 00 00 00 00 00 00 00 00
4F1                        | 00 00 00 00 00 00 00 00
4F2                        | 00 00 00 00 00 00 00 00
4F3                        | 00 00 00 00 00 00 00 00
4F4                        | 00 00 00 00 00 00 00 00
4F5                        | 00 00 00 00 00 00 00 00
4F6                        | 00 00 00 00 00 00 00 00
4F7                        | 00 00 00 00 00 00 00 00
4F8                        | 00 00 00 00 00 00 00 00
4F9                        | 00 00 00 00 00 00 00 00
4FA                        | 00 00 00 00 00 00 00 00
4FB                        | 00 00 00 00 00 00 00 00
4FC                        | 00 00 00 00 00 00 00 00
4FD                        | 00 00 00 00 00 00 00 00
4FE                        | 00 00 00 00 00 00 00 00
4FF                        | 00 00 00 00 00 00 00 00
500                        | 00 00 00 00 00 00 00 00
501                        | 00 00 00 00 00 00 00 00
502                        | 00 00 00 00 00 00 00 00
503                        | 00 00 00 00 00 00 00 00
504                        | 00 00 00 00 00 00 00 00
505                        | 00 00 00 00 00 00 00 00
506                        | 00 00 00 00 00 00 00 00
507                        | 00 00 00 00 00 00 00 00
508                        | 00 00 00 00 00 00 00 00
509                        | 00 00 00 00 00 00 00 00
50A                        | 00 00 00 00 00 00 00 00
50B                        | 00 00 00 00 00 00 00 00
50C                        | 00 00 00 00 00 00 00 00
50D                        | 00 00 00 00 00 00 00 00
50E                        | 00 00 00 00 00 00 00 00
50F                        | 00 00 00 00 00 00 00 00
510                        | 00 00 00 00 00 00 00 00
511                        | 00 00 00 00 00 00 00 00
512                        | 00 00 00 00 00 00 00 00
513                        | 00 00 00 00 00 00 00 00
514                        | 00 00 00 00 00 00 00 00
515                        | 00 00 00 00 00 00 00 00
516                        | 00 00 00 00 00 00 00 00
517                        | 00 00 00 00 00 00 00 00
518                        | 00 00 00 00 00 00 00 00
519                        | 00 00 00 00 00 00 00 00
51A                        | 00 00 00 00 00 00 00 00
51B                        | 00 00 00 00 00 00 00 00
51C                        | 00 00 00 00 00 00 00 00
51D                        | 00 00 00 00 00 00 00 00
51E                        | 00 00 00 00 00 00 00 00
51F                        | 00 00 00 00 00 00 00 00
520                        | 00 00 00 00 00 00 00 00
521                        | 00 00 00 00 00 00 00 00
522                        | 00 00 00 00 00 00 00 00
523                        | 00 00 00 00 00 00 00 00
524                        | 00 00 00 00 00 00 00 00
525                        | 00 00 00 00 00 00 00 00
526                        | 00 00 00 00 00 00 00 00
527                        | 00 00 00 00 00 00 00 00
528                        | 00 00 00 00 00 00 00 00
529                        | 00 00 00 00 00 00 00 00
52A                        | 00 00 00 00 00 00 00 00
52B                        | 00 00 00 00 00 00 00 00
52C                        | 00 00 00 00 00 00 00 00
52D                        | 00 00 00 00 00 00 00 00
52E                        | 00 00 00 00 00 00 00 00
52F                        | 00 00 00 00 00 00 00 00
530                        | 00 00 00 00 00 00 00 00
531                        | 00 00 00 00 00 00 00 00
532                        | 00 00 00 00 00 00 00 00
533                        | 00 00 00 00 00 00 00 00
534                        | 00 00 00 00 00 00 00 00
535                        | 00 00 00 00 00 00 00 00
536                        | 00 00 00 00 00 00 00 00
537                        | 00 00 00 00 00 00 00 00
538                        | 00 00 00 00 00 00 00 00
539                        | 00 00 00 00 00 00 00 00
53A                        | 00 00 00 00 00 00 00 00
53B                        | 00 00 00 00 00 00 00 00
53C                        | 00 00 00 00 A9 01 0F 06
53D                        | 40 00 00 00 AA 01 0E 0C
53E                        | 60 00 00 00 C0 01 0A 08
53F                        | 00 00 00 00 C0 01 0E 06
540                        | 40 00 00 00 C1 01 0E 0C
541                        | 60 00 00 00 A0 01 09 08
542                        | 00 00 00 00 A0 01 12 06
543                        | 00 00 00 00 00 00 00 00
544                        | 00 00 00 00 97 02 10 09
545                        | 2C 00 01 00 DD 00 2E 05
546                        | 01 00 00 00 17 03 08 05
547                        | 60 00 00 00 17 03 0C 17
548                        | 41 00 00 00 18 03 24 11
549                        | 41 00 00 00 18 03 15 1E
54A                        | 01 00 00 00 19 03 08 0E
54B                        | 41 00 00 00 19 03 24 0E
54C                        | 01 00 00 00 1A 03 25 1B
54D                        | 41 00 00 00 1A 03 08 0B
54E                        | 01 00 00 00 1B 03 08 1C
54F                        | 41 00 00 00 1B 03 25 18
550                        | 01 00 00 00 1C 03 1B 11
551                        | 41 00 00 00 1C 03 08 19
552                        | 01 00 00 00 1D 03 0F 1A
553                        | 41 00 00 00 1D 03 1B 0E
554                        | 00 00 00 00 00 00 00 00
555                        | 00 00 00 00 00 00 00 00
556                        | 40 00 00 00 53 01 10 0E
557                        | 00 00 00 00 2F 03 10 07
558                        | 24 00 01 00 30 03 19 08
559                        | 00 00 00 00 98 02 11 08
55A                        | 40 00 00 00 98 02 18 0A
55B                        | 00 00 00 00 99 02 17 08
55C                        | 20 00 00 00 99 02 1F 0A
55D                        | 60 00 00 00 99 02 0F 0A
55E                        | 40 00 00 00 99 02 17 12
55F                        | 01 00 00 00 28 03 0B 06
560                        | 41 00 00 00 28 03 0B 12
561                        | 00 00 00 00 7D 03 05 09
562                        | 40 00 00 00 CE 01 23 23
563                        | 00 80 00 00 CE 01 25 10
564                        | 00 80 00 00 D0 01 28 06
565                        | 00 80 00 00 D0 01 0A 20
566                        | 00 80 00 00 CF 01 1E 2C
567                        | 00 80 00 00 CF 01 06 05
568                        | 00 00 00 00 0D 00 24 06
569                        | 40 00 00 00 13 00 26 10
56A                        | 00 00 00 00 64 01 26 10
56B                        | 40 00 00 00 D5 01 0B 0A
56C                        | 00 00 00 00 D5 01 0B 07
56D                        | 40 00 00 00 D3 01 11 0C
56E                        | 00 00 00 00 67 00 14 03
56F                        | 68 00 01 00 0C 00 01 15
570                        | 28 00 01 00 F8 00 1E 06
571                        | 68 00 01 00 47 00 01 15
572                        | 28 00 01 00 F9 00 1E 06
573                        | 68 00 01 00 4C 00 01 15
574                        | 28 00 01 00 FA 00 1E 06
575                        | 43 00 01 00 D1 01 15 1E
576                        | 03 00 01 00 D1 01 10 01
577                        | 40 00 00 00 D2 01 0C 10
578                        | 00 80 00 00 D4 01 0B 09
579                        | 00 80 00 00 83 01 14 1F
57A                        | 00 80 00 00 70 02 0D 0B
57B                        | 00 80 00 00 D6 01 0A 07
57C                        | 2C 00 03 00 09 00 2E 05
57D                        | 02 00 01 00 D9 01 12 01
57E                        | 02 00 01 00 D9 01 15 01
57F                        | 2C 00 01 00 D9 01 3C 15
580                        | 00 00 00 00 30 03 0A 07
581                        | 00 00 00 00 30 03 0D 07
582                        | 00 00 00 00 30 03 10 07
583                        | 00 00 00 00 30 03 13 07
584                        | 00 00 00 00 30 03 16 07
585                        | 40 00 00 00 31 03 0C 09
586                        | 40 00 00 00 31 03 18 09
587                        | 40 00 00 00 31 03 24 09
588                        | 40 00 00 00 31 03 30 09
589                        | 40 00 00 00 31 03 3C 09
58A                        | 00 00 00 00 31 03 0C 07
58B                        | 40 00 00 00 32 03 16 0A
58C                        | 00 00 00 00 32 03 0A 07
58D                        | 00 00 00 00 32 03 0D 07
58E                        | 00 00 00 00 32 03 10 07
58F                        | 00 00 00 00 32 03 13 07
590                        | 00 00 00 00 32 03 16 07
591                        | 40 00 00 00 33 03 0C 09
592                        | 40 00 00 00 33 03 18 09
593                        | 40 00 00 00 33 03 24 09
594                        | 40 00 00 00 33 03 30 09
595                        | 40 00 00 00 33 03 3C 09
596                        | 00 00 00 00 33 03 18 07
597                        | 00 00 00 00 33 03 01 00
598                        | 40 00 00 00 34 03 16 0A
599                        | 00 00 00 00 34 03 0D 07
59A                        | 00 00 00 00 34 03 10 07
59B                        | 00 00 00 00 34 03 13 07
59C                        | 00 00 00 00 34 03 16 07
59D                        | 40 00 00 00 35 03 0A 0A
59E                        | 00 00 00 00 35 03 0A 07
59F                        | 00 00 00 00 35 03 0D 07
5A0                        | 00 00 00 00 35 03 10 07
5A1                        | 40 00 00 00 36 03 0C 09
5A2                        | 40 00 00 00 36 03 18 09
5A3                        | 40 00 00 00 36 03 24 09
5A4                        | 40 00 00 00 36 03 30 09
5A5                        | 00 00 00 00 36 03 0C 07
5A6                        | 40 00 00 00 37 03 0C 09
5A7                        | 40 00 00 00 37 03 18 09
5A8                        | 40 00 00 00 37 03 24 09
5A9                        | 00 00 00 00 37 03 00 00
5AA                        | 40 00 00 00 38 03 13 0A
5AB                        | 00 00 00 00 00 00 00 00
5AC                        | 00 00 00 00 00 00 00 00
5AD                        | 00 00 00 00 00 00 00 00
5AE                        | 00 00 00 00 00 00 00 00
5AF                        | 00 00 00 00 00 00 00 00
5B0                        | 00 00 00 00 00 00 00 00
5B1                        | 00 00 00 00 00 00 00 00
5B2                        | 00 00 00 00 00 00 00 00
5B3                        | 00 00 00 00 00 00 00 00
5B4                        | 00 00 00 00 00 00 00 00
5B5                        | 00 00 00 00 00 00 00 00
5B6                        | 00 00 00 00 00 00 00 00
5B7                        | 00 00 00 00 00 00 00 00
5B8                        | 00 00 00 00 00 00 00 00
5B9                        | 00 00 00 00 00 00 00 00
5BA                        | 00 00 00 00 00 00 00 00
5BB                        | 00 00 00 00 00 00 00 00
5BC                        | 40 00 00 00 3C 03 10 0A
5BD                        | 00 00 00 00 3C 03 0D 07
5BE                        | 00 00 00 00 3C 03 19 07
5BF                        | 00 00 00 00 00 00 00 00
5C0                        | 00 00 00 00 00 00 00 00
5C1                        | 00 00 00 00 00 00 00 00
5C2                        | 00 00 00 00 00 00 00 00
5C3                        | 00 00 00 00 00 00 00 00
5C4                        | 40 00 00 00 3E 03 0C 09
5C5                        | 40 00 00 00 3E 03 3C 09
5C6                        | 00 00 00 00 00 00 00 00
5C7                        | 40 00 00 00 40 03 0C 0A
5C8                        | 00 00 00 00 40 03 0C 07
5C9                        | 40 00 00 00 41 03 10 16
5CA                        | 00 00 00 00 41 03 10 07
5CB                        | 02 00 01 00 2A 00 10 01
5CC                        | 01 00 02 00 C4 00 0A 09
5CD                        | 01 00 02 00 C4 00 0F 09
5CE                        | 01 00 02 00 C4 00 14 09
5CF                        | 6C 00 01 00 C3 01 07 07
5D0                        | 2C 00 01 00 C3 01 37 36
5D1                        | 6C 00 01 00 C2 01 07 07
5D2                        | 2C 00 01 00 C2 01 78 07
5D3                        | 6C 00 01 00 81 01 07 07
5D4                        | 40 00 00 00 A0 01 35 2F
5D5                        | 40 00 00 00 A2 01 16 19
5D6                        | 00 00 00 00 A2 01 0B 10
5D7                        | 40 00 00 00 A3 01 0B 12
5D8                        | 40 00 00 00 A6 01 11 2E
5D9                        | 00 00 00 00 A6 01 18 06
5DA                        | 40 00 00 00 A8 01 18 14
5DB                        | 60 00 00 00 A8 01 12 0C
