Address: 0xE5108

                         00 01 02 03 04 05 06 07 08 09 0A 0B 0C 0D 0E 0F 10 11 12 13 14 15 16 17 18 19 1A 1B 1C 1D 1E 1F 20 21 22 23 24 25 26 27 28 29 2A 2B 2C 2D 2E 2F 30 31 32 33 34 35 36 37 38 39 3A 3B 3C 3D 3E 3F 40 41 42 43 44 45 46 47 48 49 4A 4B 4C 4D 4E 4F 50 51 52 53 54 55 56 57 58 59 5A 5B 5C 5D 5E 5F 60 61 62 63 64 65 66 67 68 69 6A 6B
-------------------------------------------------------------------------------------------------------------------------------------------------------------------------------------------------------------------------------------------------------------------------------------------------------------------------------------------------------------
EMPTY                  | 00 00 00 00 00 00 00 00 01 00 00 00 00 00 00 00 00 00 00 00 00 00 00 00 00 00 00 00 00 00 00 00 00 00 00 00 00 00 00 00 00 00 00 00 00 00 00 00 00 00 00 00 00 00 00 00 00 00 00 00 00 00 00 00 08 00 00 00 00 00 00 00 00 00 00 00 00 00 00 00 00 00 00 00 00 00 00 00 00 00 00 00 40 01 00 00 00 00 00 00 00 00 00 00 00 00 00 00
Lighter's Lumber       | 01 00 00 00 00 00 00 00 01 00 32 00 02 00 00 00 00 00 00 00 00 00 00 00 06 00 00 FD 00 00 00 00 00 00 00 00 00 00 00 00 00 00 00 00 00 00 00 00 00 00 00 00 00 00 00 00 00 00 00 00 00 00 00 00 08 00 00 00 00 00 00 00 00 00 00 00 00 00 00 00 00 00 00 00 00 00 00 00 02 00 00 00 44 01 00 00 00 00 00 00 00 00 01 00 00 00 00 00
Fresh Lumber           | 02 00 00 00 00 00 00 00 01 00 96 00 02 00 00 00 00 00 00 00 00 00 00 00 10 00 00 FC 00 00 00 00 00 00 00 00 00 00 00 00 00 00 00 00 00 00 00 00 00 00 00 00 00 00 00 00 00 00 00 00 00 00 00 00 08 00 00 00 00 00 00 00 00 00 00 00 00 00 00 00 00 00 00 00 00 00 00 00 02 00 00 00 44 01 00 00 00 00 00 00 00 00 01 00 00 00 00 00
Stick                  | 03 00 00 00 00 00 00 00 01 00 0A 00 06 00 00 00 00 00 00 00 00 00 00 00 02 00 00 00 00 00 00 00 00 00 00 00 00 00 00 00 00 00 00 00 00 00 00 00 00 00 00 00 00 00 00 00 00 00 00 00 00 00 00 00 08 00 00 00 00 00 00 00 00 00 00 00 00 00 00 00 00 00 00 00 00 00 00 00 02 00 00 00 44 01 00 00 00 00 00 00 00 00 01 00 00 00 00 00
Better Stick           | 04 00 00 00 00 00 00 00 01 00 FA 00 06 00 00 00 00 00 00 00 00 00 00 00 14 00 00 00 00 00 00 00 00 00 00 00 00 00 00 00 00 00 00 00 00 00 00 00 00 00 00 00 00 00 00 00 00 00 00 00 00 00 00 00 08 00 00 00 00 00 00 00 00 00 00 00 00 00 00 00 00 00 00 00 00 00 00 00 02 00 00 00 44 01 00 00 00 00 00 00 00 00 01 00 00 00 00 00
Easy-Grip Stick        | 05 00 00 00 00 00 00 00 01 00 64 00 06 00 00 00 00 00 00 00 00 00 00 00 0F 00 00 00 00 00 00 00 00 00 00 00 00 00 00 00 00 00 00 00 00 00 00 00 00 00 00 00 00 00 00 00 00 00 00 00 00 00 00 00 08 00 00 00 00 00 00 00 00 00 00 00 00 00 00 00 00 00 00 00 00 00 00 00 02 00 00 00 44 01 00 00 00 00 00 00 00 00 01 00 00 00 00 00
Good Stick             | 06 00 00 00 00 00 00 00 01 00 EE 02 06 00 00 00 00 00 00 00 00 00 00 00 1B 00 00 00 00 00 00 00 00 00 00 00 00 00 00 00 00 00 00 00 00 00 00 00 00 00 00 00 00 00 00 00 00 00 00 00 00 00 00 00 08 00 00 00 00 00 00 00 00 00 00 00 00 00 00 00 00 00 00 00 00 00 00 00 02 00 00 00 44 01 00 00 00 00 00 00 00 00 01 00 00 00 00 00
Very Good Stick        | 07 00 00 00 00 00 00 00 01 00 E8 03 06 00 00 00 00 00 00 00 00 00 00 00 22 00 00 00 00 00 00 00 00 00 00 00 00 00 00 00 00 00 00 00 00 00 00 00 00 00 00 00 00 00 00 00 00 00 00 00 00 00 00 00 08 00 00 00 00 00 00 00 00 00 00 00 00 00 00 00 00 00 00 00 00 00 00 00 02 00 00 00 44 01 00 00 00 00 00 00 00 00 01 00 00 00 00 00
Funny Stick            | 08 00 00 00 00 00 00 00 01 00 B0 04 06 00 00 00 00 00 00 00 00 00 00 00 28 00 00 00 00 00 00 00 00 00 00 00 00 00 00 00 00 00 00 00 00 00 00 00 00 00 00 00 00 00 00 00 00 00 00 00 00 00 00 00 08 00 00 00 00 00 00 00 00 00 00 00 00 00 00 00 00 00 00 00 00 00 00 00 02 00 00 00 5E 01 00 00 00 00 00 00 00 00 01 00 00 00 00 00
Vigor Stick            | 09 00 00 00 00 00 00 00 01 00 08 07 06 00 00 00 00 00 00 00 00 00 00 00 32 00 00 00 00 00 00 00 00 00 00 00 00 00 00 00 00 00 00 00 00 00 00 00 00 00 00 00 00 00 00 00 00 00 00 00 00 00 00 00 08 00 00 00 00 00 00 00 00 00 00 00 00 00 00 00 00 00 00 00 00 00 00 00 02 00 00 00 44 01 00 00 00 00 00 00 00 00 01 00 00 00 00 00
Clever Stick           | 0A 00 00 00 00 00 00 00 01 00 C6 07 06 00 00 00 00 00 00 00 00 00 00 00 3E 00 00 00 00 00 00 00 00 00 00 00 00 00 00 00 00 00 00 00 00 00 00 00 00 00 00 00 00 00 00 00 00 00 00 00 00 00 00 00 08 00 00 00 00 00 00 00 00 00 00 00 00 00 00 00 00 00 00 00 00 00 00 00 02 00 00 00 44 01 00 00 00 00 00 00 00 00 01 00 00 00 00 00
Master Stick           | 0B 00 00 00 00 00 00 00 01 00 7E 09 06 00 00 00 00 00 00 00 00 00 00 00 4B 00 00 00 00 00 00 00 00 00 00 00 00 00 00 00 00 00 00 00 00 00 00 00 00 00 00 00 00 00 00 00 00 00 00 00 00 00 00 00 08 00 00 00 00 00 00 00 00 00 00 00 00 00 00 00 00 00 00 00 00 00 00 00 02 00 00 00 44 01 00 00 00 00 00 00 00 00 01 00 00 00 00 00
Mystical Stick         | 0C 00 00 00 00 00 00 00 01 00 0A 00 06 00 00 00 0A 00 00 00 0A 00 00 00 5A 00 05 05 00 00 00 00 00 00 00 00 00 00 00 00 00 00 00 00 00 00 00 00 00 00 00 00 00 00 00 00 00 00 00 00 00 00 00 00 08 00 00 00 00 00 00 00 00 00 00 00 00 00 00 00 00 00 00 00 00 00 00 00 02 00 00 00 44 01 00 00 00 00 00 00 00 00 01 00 00 00 00 00
Gloves                 | 0D 00 00 00 00 00 00 00 01 00 41 00 10 00 00 00 00 00 00 00 00 00 00 00 09 00 00 00 00 00 00 00 00 00 00 00 00 00 00 00 00 00 00 00 00 00 00 00 00 00 00 00 00 00 00 00 00 00 00 00 00 00 00 00 08 00 00 00 00 00 00 00 00 00 00 00 00 00 00 00 00 00 00 00 00 00 00 00 02 00 00 00 44 01 00 00 00 00 00 00 00 00 01 00 00 00 00 00
Durable Gloves         | 0E 00 00 00 00 00 00 00 01 00 96 00 10 00 00 00 00 00 00 00 00 00 00 00 10 00 00 00 00 00 00 00 00 00 00 00 00 00 00 00 00 00 00 00 00 00 00 00 00 00 00 00 00 00 00 00 00 00 00 00 00 00 00 00 08 00 00 00 00 00 00 00 00 00 00 00 00 00 00 00 00 00 00 00 00 00 00 00 02 00 00 00 44 01 00 00 00 00 00 00 00 00 01 00 00 00 00 00
Chic Gloves            | 0F 00 00 00 00 00 00 00 01 00 2C 01 10 00 00 00 00 00 00 00 00 00 00 00 17 00 00 00 00 00 00 00 00 00 00 00 00 00 00 00 00 00 00 00 00 00 00 00 00 00 00 00 00 00 00 00 00 00 00 00 00 00 00 00 08 00 00 00 00 00 00 00 00 00 00 00 00 00 00 00 00 00 00 00 00 00 00 00 02 00 00 00 44 01 00 00 00 00 00 00 00 00 01 00 00 00 00 00
Strong Gloves          | 10 00 00 00 00 00 00 00 01 00 41 05 10 00 00 00 00 00 00 00 00 00 00 00 32 00 00 00 00 00 00 00 00 00 00 00 00 00 00 00 00 00 00 00 00 00 00 00 00 00 00 00 00 00 00 00 00 00 00 00 00 00 00 00 08 00 00 00 00 00 00 00 00 00 00 00 00 00 00 00 00 00 00 00 00 00 00 00 02 00 00 00 44 01 00 00 00 00 00 00 00 00 01 00 00 00 00 00
Magic Gloves           | 11 00 00 00 00 00 00 00 01 00 90 01 10 00 00 00 00 00 00 00 0A 00 00 00 1E 00 00 00 00 00 00 00 00 00 00 00 00 00 00 00 00 00 00 00 00 00 00 00 00 00 00 00 00 00 00 00 00 00 00 00 00 00 00 00 08 00 00 00 00 00 00 00 00 00 00 00 00 00 00 00 00 00 00 00 00 00 00 00 02 00 00 00 44 01 00 00 00 00 00 00 00 00 01 00 00 00 00 00
Sevolg                 | 12 00 00 00 00 00 00 00 01 00 58 02 10 00 00 00 00 00 00 00 00 00 00 00 23 00 00 00 00 00 00 00 00 00 00 00 00 00 00 00 00 00 00 00 00 00 00 00 00 00 00 00 00 00 00 00 00 00 00 00 00 00 00 00 08 00 00 00 00 00 00 00 00 00 00 00 00 00 00 00 00 00 00 00 00 00 00 00 02 00 00 00 44 01 00 00 00 00 00 00 00 00 01 00 00 00 00 00
Expensive Gloves       | 13 00 00 00 00 00 00 00 01 00 9C 04 10 00 00 00 00 00 00 00 00 00 00 00 3A 00 00 00 00 00 00 00 00 00 00 00 00 00 00 00 00 00 00 00 00 00 00 00 00 00 00 00 00 00 00 00 00 00 00 00 00 00 00 00 08 00 00 00 00 00 00 00 00 00 00 00 00 00 00 00 00 00 00 00 00 00 00 00 02 00 00 00 44 01 00 00 00 00 00 00 00 00 01 00 00 00 00 00
Angel Gloves           | 14 00 00 00 00 00 00 00 01 00 5C 03 10 00 00 00 00 00 00 00 00 00 00 00 43 00 00 00 00 00 00 00 00 00 00 00 00 00 00 00 00 00 00 00 00 00 00 00 00 00 00 00 00 00 00 00 00 00 00 00 00 00 00 00 08 00 00 00 00 00 00 00 00 00 00 00 00 00 00 00 00 00 00 00 00 00 00 00 02 00 00 00 44 01 00 00 00 00 00 00 00 00 01 00 00 00 00 00
Mystical Gloves        | 15 00 00 00 00 00 00 00 01 00 0A 00 10 00 00 00 0A 00 00 00 0A 00 00 00 37 00 07 05 00 00 00 00 00 00 00 00 00 00 00 00 00 00 00 00 00 00 00 00 00 00 00 00 00 00 00 00 00 00 00 00 00 00 00 00 08 00 00 00 00 00 00 00 00 00 00 00 00 00 00 00 00 00 00 00 00 00 00 00 02 00 00 00 44 01 00 00 00 00 00 00 00 00 01 00 00 00 00 00
Ordinary Shoes         | 16 00 00 00 00 00 00 00 01 00 0F 00 08 00 00 00 00 00 00 00 00 00 00 00 06 00 00 00 00 00 00 00 00 00 00 00 00 00 00 00 00 00 00 00 00 00 00 00 00 00 00 00 00 00 00 00 00 00 00 04 00 00 00 00 08 00 00 00 00 00 00 00 00 00 00 00 00 00 00 00 00 00 00 00 00 00 00 00 02 00 00 00 44 01 00 00 00 00 00 00 00 00 01 00 00 00 00 00
Durable Shoes          | 17 00 00 00 00 00 00 00 01 00 55 00 08 00 00 00 00 00 00 00 00 00 00 00 0C 00 00 00 00 00 00 00 00 00 00 00 00 00 00 00 00 00 00 00 00 00 00 00 00 00 00 00 00 00 00 00 00 00 00 04 00 00 00 00 08 00 00 00 00 00 00 00 00 00 00 00 00 00 00 00 00 00 00 00 00 00 00 00 02 00 00 00 44 01 00 00 00 00 00 00 00 00 01 00 00 00 00 00
Sharp Shoes            | 18 00 00 00 00 00 00 00 01 00 F0 00 08 00 00 00 00 00 00 00 00 00 00 00 11 00 00 00 00 00 00 00 00 00 00 00 00 00 00 00 00 00 00 00 00 00 00 00 00 00 00 00 00 00 00 00 00 00 00 04 00 00 00 00 08 00 00 00 00 00 00 00 00 00 00 00 00 00 00 00 00 00 00 00 00 00 00 00 02 00 00 00 44 01 00 00 00 00 00 00 00 00 01 00 00 00 00 00
Ultimate Shoes         | 19 00 00 00 00 00 00 00 01 00 E8 03 08 00 00 00 00 00 00 00 00 00 00 00 52 00 00 00 00 00 00 00 00 00 00 00 00 00 00 00 00 00 00 00 00 00 00 00 00 00 00 00 00 00 00 00 00 00 00 04 00 00 00 00 08 00 00 00 00 00 00 00 00 00 00 00 00 00 00 00 00 00 00 00 00 00 00 00 02 00 00 00 44 01 00 00 00 00 00 00 00 00 01 00 00 00 00 00
Mystical Shoes         | 1A 00 00 00 00 00 00 00 01 00 0A 00 08 00 00 00 0F 00 00 00 00 00 00 00 28 00 05 07 00 00 00 00 00 00 00 00 00 00 00 00 00 00 00 00 00 00 00 00 00 00 00 00 00 00 00 00 00 00 00 04 00 00 00 00 08 00 00 00 00 00 00 00 00 00 00 00 00 00 00 00 00 00 00 00 00 00 00 00 02 00 00 00 44 01 00 00 00 00 00 00 00 00 01 00 00 00 00 00
Good Shoes             | 1B 00 00 00 00 00 00 00 01 00 E0 06 08 00 00 00 00 00 00 00 00 00 00 00 46 00 00 05 00 00 00 00 00 00 00 00 00 00 00 00 00 00 00 00 00 00 00 00 00 00 00 00 00 00 00 00 00 00 00 04 00 00 00 00 08 00 00 00 00 00 00 00 00 00 00 00 00 00 00 00 00 00 00 00 00 00 00 00 02 00 00 00 44 01 00 00 00 00 00 00 00 00 01 00 00 00 00 00
Rubber Boots           | 1C 00 00 00 00 00 00 00 01 00 A8 02 08 00 00 00 00 00 00 00 00 00 00 00 19 00 00 00 00 00 00 00 00 00 00 00 00 00 00 00 00 00 00 00 00 00 00 00 00 00 00 00 00 00 00 00 00 F6 00 04 00 00 00 00 08 00 00 00 00 00 00 00 00 00 00 00 00 00 00 00 00 00 00 00 00 00 00 00 02 00 00 00 44 01 00 00 00 00 00 00 00 00 01 00 00 00 00 00
Barefoot Shoes         | 1D 00 00 00 00 00 00 00 01 00 F8 02 08 00 00 00 00 00 00 00 00 00 00 00 26 00 05 00 00 00 00 00 00 00 00 00 00 00 00 00 00 00 00 00 00 00 00 00 00 00 00 00 00 00 00 00 00 00 00 04 00 00 00 00 08 00 00 00 00 00 00 00 00 00 00 00 00 00 00 00 00 00 00 00 00 00 00 00 02 00 00 00 44 01 00 00 00 00 00 00 00 00 01 00 00 00 00 00
Non-Slip Shoes         | 1E 00 00 00 00 00 00 00 01 00 26 07 08 00 00 00 00 00 00 00 00 00 00 00 3A 00 00 00 00 00 00 00 00 00 00 00 00 00 00 00 00 00 00 00 00 00 00 00 00 00 00 00 00 00 00 00 00 00 00 04 00 00 00 00 08 00 00 00 00 00 00 00 00 00 00 00 00 00 00 00 00 00 00 00 00 00 00 00 02 00 00 00 44 01 00 00 00 00 00 00 00 00 01 00 00 00 00 00
Handy Yo-Yo            | 1F 00 00 00 00 00 00 00 01 00 45 01 1E 00 00 00 00 00 00 00 00 00 00 00 14 00 00 00 00 00 00 00 00 00 00 00 00 00 00 00 00 00 00 00 00 00 00 00 00 00 00 00 00 00 00 00 00 00 00 01 00 00 00 00 08 00 00 00 00 00 00 00 0D 00 00 00 00 00 00 00 00 00 00 00 00 00 00 00 02 00 00 00 60 01 00 00 00 00 00 00 00 00 01 00 00 00 00 00
Canine Weapon          | 20 00 00 00 00 00 00 00 01 00 84 03 20 00 00 00 00 00 00 00 00 00 00 00 0F 00 00 00 00 00 00 00 00 00 00 00 00 00 00 00 00 00 00 00 00 00 00 00 00 00 00 00 00 00 00 00 00 00 00 00 00 00 00 00 08 00 00 00 00 00 00 00 00 00 00 00 00 00 00 00 00 00 00 00 00 00 00 00 02 00 00 00 44 01 00 00 00 00 00 00 00 00 01 00 00 00 00 00
DCMC Pamphlet          | 21 00 00 00 00 00 00 00 01 00 32 00 1E 00 00 00 00 00 00 00 00 00 00 00 08 00 00 00 00 00 00 00 00 00 00 00 00 00 00 00 00 00 00 00 00 00 00 00 00 00 00 00 00 00 00 00 00 00 00 00 00 00 00 00 06 00 00 00 00 00 00 00 0D 00 00 00 00 00 00 00 00 00 0C 64 01 00 00 00 02 00 00 00 64 01 00 00 00 00 00 00 00 00 01 00 00 00 00 00
Fake Bat               | 22 00 00 00 00 00 00 00 01 00 10 27 04 00 00 00 00 00 00 00 00 00 00 00 1E 00 00 00 00 00 00 00 00 00 00 00 00 00 00 00 00 00 00 00 00 00 00 00 00 00 00 00 00 00 00 00 00 00 00 00 00 00 00 00 08 00 00 00 00 00 00 00 00 00 00 00 00 00 00 00 00 00 00 00 00 00 00 00 02 00 00 00 44 01 00 00 00 00 00 00 00 00 01 00 00 00 00 00
Fake Frying Pan        | 23 00 00 00 00 00 00 00 01 00 28 23 10 00 00 00 00 00 00 00 00 00 00 00 1A 00 00 00 00 00 00 00 00 00 00 00 00 00 00 00 00 00 00 00 00 00 00 00 00 00 00 00 00 00 00 00 00 00 00 00 00 00 00 00 08 00 00 00 00 00 00 00 00 00 00 00 00 00 00 00 00 00 00 00 00 00 00 00 02 00 00 00 44 01 00 00 00 00 00 00 00 00 01 00 00 00 00 00
Real Bat               | 24 00 00 00 00 00 00 00 01 00 00 00 04 00 00 00 00 00 00 00 32 00 00 00 64 00 00 00 00 00 00 00 00 00 00 00 00 00 00 00 00 00 00 00 00 00 00 00 00 00 00 00 00 00 00 00 00 00 00 00 00 00 00 00 08 00 00 00 00 00 00 00 00 00 00 00 00 00 00 00 00 00 00 00 00 00 00 00 02 00 00 00 44 01 00 00 00 00 00 00 00 00 01 00 00 00 00 00
Mini-Mini Charm        | 25 00 00 00 01 00 00 00 01 00 0F 00 7E 00 00 00 00 00 00 00 00 00 00 00 00 02 00 00 00 00 00 00 00 00 00 00 00 00 00 00 00 00 00 00 00 00 00 00 00 00 00 00 00 00 00 00 00 00 00 00 00 00 00 00 08 00 00 00 00 00 00 00 00 00 00 00 00 00 00 00 00 00 00 00 00 00 00 00 02 00 00 00 44 01 00 00 00 00 00 00 00 00 01 00 00 00 00 00
Flea Charm             | 26 00 00 00 01 00 00 00 01 00 23 00 7E 00 00 00 00 00 00 00 00 00 00 00 00 05 00 00 00 00 00 00 00 00 00 00 00 00 00 00 00 00 00 00 00 00 00 00 00 00 00 00 00 00 00 00 00 00 00 00 00 00 00 00 08 00 00 00 00 00 00 00 00 00 00 00 00 00 00 00 00 00 00 00 00 00 00 00 02 00 00 00 44 01 00 00 00 00 00 00 00 00 01 00 00 00 00 00
Mosquito Charm         | 27 00 00 00 01 00 00 00 01 00 4B 00 7E 00 00 00 00 00 00 00 00 00 00 00 00 07 00 00 00 00 00 00 00 00 00 00 00 00 00 00 00 00 00 00 00 00 00 00 00 00 00 00 00 00 00 00 00 00 00 00 00 00 00 00 08 00 00 00 00 00 00 00 00 00 00 00 00 00 00 00 00 00 00 00 00 00 00 00 02 00 00 00 44 01 00 00 00 00 00 00 00 00 01 00 00 00 00 00
Fly Charm              | 28 00 00 00 01 00 00 00 01 00 AF 00 7E 00 00 00 00 00 00 00 00 00 00 00 00 0A 00 00 00 00 00 00 00 00 00 00 00 00 00 00 00 00 00 00 00 00 00 00 00 00 00 00 00 00 00 00 00 00 00 00 00 00 00 00 08 00 00 00 00 00 00 00 00 00 00 00 00 00 00 00 00 00 00 00 00 00 00 00 02 00 00 00 44 01 00 00 00 00 00 00 00 00 01 00 00 00 00 00
Bantam Charm           | 29 00 00 00 01 00 00 00 01 00 0E 01 7E 00 00 00 00 00 00 00 00 00 00 00 00 0F 00 00 00 00 00 00 00 00 00 00 00 00 00 00 00 00 00 00 00 00 00 00 00 00 00 00 00 00 00 00 00 00 00 00 00 00 00 00 08 00 00 00 00 00 00 00 00 00 00 00 00 00 00 00 00 00 00 00 00 00 00 00 02 00 00 00 44 01 00 00 00 00 00 00 00 00 01 00 00 00 00 00
Feather Charm          | 2A 00 00 00 01 00 00 00 01 00 80 02 7E 00 00 00 00 00 00 00 00 00 00 00 00 12 00 00 00 00 00 00 00 00 00 00 00 00 00 00 00 00 00 00 00 00 00 00 00 00 00 00 00 00 00 00 00 00 00 00 00 00 00 00 08 00 00 00 00 00 00 00 00 00 00 00 00 00 00 00 00 00 00 00 00 00 00 00 02 00 00 00 44 01 00 00 00 00 00 00 00 00 01 00 00 00 00 00
Pumice Charm           | 2B 00 00 00 01 00 00 00 01 00 02 03 7E 00 00 00 00 00 00 00 00 00 00 00 00 17 00 00 00 00 00 00 00 00 00 00 00 00 00 00 00 00 00 00 00 00 00 00 00 00 00 00 00 00 00 00 00 00 00 00 00 00 00 00 08 00 00 00 00 00 00 00 00 00 00 00 00 00 00 00 00 00 00 00 00 00 00 00 02 00 00 00 44 01 00 00 00 00 00 00 00 00 01 00 00 00 00 00
Heavy Charm            | 2C 00 00 00 01 00 00 00 01 00 8E 03 7E 00 00 00 00 00 00 00 00 00 00 00 00 1A 00 00 00 00 00 00 00 00 00 00 00 00 00 00 00 00 00 00 00 00 00 00 00 00 00 00 00 00 00 00 00 00 00 00 00 00 00 00 08 00 00 00 00 00 00 00 00 00 00 00 00 00 00 00 00 00 00 00 00 00 00 00 02 00 00 00 44 01 00 00 00 00 00 00 00 00 01 00 00 00 00 00
Thud Charm             | 2D 00 00 00 01 00 00 00 01 00 08 07 7E 00 00 00 00 00 00 00 00 00 00 00 00 1E 00 00 00 00 00 00 CE FF CE FF CE FF CE FF CE FF CE FF CE FF CE FF CE FF CE FF CE FF 00 00 00 00 00 00 00 00 00 00 08 00 00 00 00 00 00 00 00 00 00 00 00 00 00 00 00 00 00 00 00 00 00 00 02 00 00 00 44 01 00 00 00 00 00 00 00 00 01 00 00 00 00 00
White Collar           | 2E 00 00 00 01 00 00 00 01 00 EA 01 20 00 00 00 00 00 00 00 00 00 00 00 0A 0A 00 00 00 00 00 00 00 00 00 00 00 00 00 00 00 00 00 00 00 00 00 00 00 00 00 00 00 00 00 00 00 00 00 00 00 00 00 00 08 00 00 00 00 00 00 00 00 00 00 00 00 00 00 00 00 00 00 00 00 00 00 00 02 00 00 00 44 01 00 00 00 00 00 00 00 00 01 00 00 00 00 00
Brown Collar           | 2F 00 00 00 01 00 00 00 01 00 20 03 20 00 00 00 00 00 00 00 00 00 00 00 14 14 00 00 00 00 00 00 00 00 00 00 00 00 00 00 00 00 00 00 00 00 00 00 00 00 00 00 00 00 00 FB FB FB 00 00 00 00 00 00 08 00 00 00 00 00 00 00 00 00 00 00 00 00 00 00 00 00 00 00 00 00 00 00 02 00 00 00 44 01 00 00 00 00 00 00 00 00 01 00 00 00 00 00
Black Collar           | 30 00 00 00 01 00 00 00 01 00 38 04 20 00 00 00 00 00 00 00 00 00 00 00 1E 1E 00 00 00 00 00 00 00 00 00 00 00 00 00 00 00 00 00 00 00 00 00 00 00 00 00 00 00 00 00 F1 F1 F1 00 00 00 00 00 00 08 00 00 00 00 00 00 00 00 00 00 00 00 00 00 00 00 00 00 00 00 00 00 00 02 00 00 00 44 01 00 00 00 00 00 00 00 00 01 00 00 00 00 00
Striped Collar         | 31 00 00 00 01 00 00 00 01 00 72 06 20 00 00 00 00 00 00 00 00 00 00 00 28 28 00 00 00 00 00 00 00 00 00 00 00 00 00 00 00 00 00 00 00 00 00 00 00 00 00 00 00 00 00 EC EC EC 00 00 00 00 00 00 08 00 00 00 00 00 00 00 00 00 00 00 00 00 00 00 00 00 00 00 00 00 00 00 02 00 00 00 44 01 00 00 00 00 00 00 00 00 01 00 00 00 00 00
Red Collar             | 32 00 00 00 01 00 00 00 01 00 FC 08 20 00 00 00 00 00 00 00 00 00 00 00 32 32 00 00 00 00 00 00 00 00 00 00 00 00 00 00 00 00 00 00 00 00 00 00 00 00 00 00 00 00 00 E7 E7 E7 00 00 00 00 00 00 08 00 00 00 00 00 00 00 00 00 00 00 00 00 00 00 00 00 00 00 00 00 00 00 02 00 00 00 44 01 00 00 00 00 00 00 00 00 01 00 00 00 00 00
DCMC Shirt             | 33 00 00 00 01 00 00 00 01 00 B4 00 1E 00 00 00 00 00 00 00 00 00 00 00 00 0A 00 01 00 00 00 00 00 00 00 00 00 00 00 00 00 00 00 00 00 00 00 00 00 00 00 00 00 00 00 00 00 00 00 00 00 00 00 00 06 00 00 00 00 00 00 00 0D 00 00 00 00 00 00 00 00 00 0C 64 01 00 00 00 02 00 00 00 64 01 00 00 00 00 00 00 00 00 01 00 00 00 00 00
Rubber Cape            | 34 00 00 00 01 00 00 00 01 00 58 02 1E 00 00 00 00 00 00 00 00 00 00 00 00 08 00 00 00 00 00 00 00 00 9C FF 00 00 00 00 00 00 00 00 00 00 00 00 00 00 00 00 00 00 00 00 00 B0 00 00 00 00 00 00 08 00 00 00 00 00 00 00 00 00 00 00 00 00 00 00 00 00 00 00 00 00 00 00 02 00 00 00 44 01 00 00 00 00 00 00 00 00 01 00 00 00 00 00
Aloha Coat             | 35 00 00 00 01 00 00 00 01 00 20 03 1E 00 00 00 00 00 00 00 00 00 00 00 00 08 00 00 00 00 00 00 00 00 00 00 00 00 00 00 00 00 00 00 00 00 00 00 E2 FF 00 00 00 00 00 B0 00 00 00 00 00 00 00 00 08 00 00 00 00 00 00 00 00 00 00 00 00 00 00 00 00 00 00 00 00 00 00 00 02 00 00 00 44 01 00 00 00 00 00 00 00 00 01 00 00 00 00 00
Warm Sweater           | 36 00 00 00 01 00 00 00 01 00 F4 01 1E 00 00 00 00 00 00 00 00 00 00 00 00 08 00 00 00 00 00 00 00 00 00 00 00 00 00 00 00 00 00 00 00 00 00 00 00 00 E2 FF 00 00 00 00 B0 00 00 00 00 00 00 00 08 00 00 00 00 00 00 00 00 00 00 00 00 00 00 00 00 00 00 00 00 00 00 00 02 00 00 00 44 01 00 00 00 00 00 00 00 00 01 00 00 00 00 00
Goddess Bustier        | 37 00 00 00 01 00 00 00 01 00 FC 08 10 00 00 00 00 00 00 00 14 00 00 00 00 14 00 00 00 00 00 00 00 00 00 00 00 00 00 00 00 00 00 00 00 00 00 00 EC FF EC FF 00 00 00 EC EC 00 00 00 00 00 00 00 08 00 00 00 00 00 00 00 00 00 00 00 00 00 00 00 00 00 00 00 00 00 00 00 02 00 00 00 44 01 00 00 00 00 00 00 00 00 01 00 00 00 00 00
Awesome Cloak          | 38 00 00 00 01 00 00 00 01 00 C4 09 04 00 00 00 00 00 00 00 1E 00 00 00 00 17 00 00 00 00 00 00 00 00 00 00 00 00 00 00 00 00 00 00 00 00 00 00 D8 FF D8 FF 00 00 00 D8 D8 D8 00 00 00 00 00 00 08 00 00 00 00 00 00 00 00 00 00 00 00 00 00 00 00 00 00 00 00 00 00 00 02 00 00 00 44 01 00 00 00 00 00 00 00 00 01 00 00 00 00 00
Manly Bandana          | 39 00 00 00 02 00 00 00 01 00 0F 00 4A 00 00 00 00 00 00 00 00 00 00 00 02 01 00 00 00 00 00 00 00 00 00 00 EC FF 00 00 00 00 00 00 00 00 00 00 00 00 00 00 00 00 00 00 00 00 00 00 00 00 00 00 08 00 00 00 00 00 00 00 00 00 00 00 00 00 00 00 00 00 00 00 00 00 00 00 02 00 00 00 44 01 00 00 00 00 00 00 00 00 01 00 00 00 00 00
Chick Bandana          | 3A 00 00 00 02 00 00 00 01 00 0A 00 48 00 00 00 00 00 00 00 00 00 00 00 00 05 00 00 00 00 00 00 00 00 00 00 00 00 00 00 00 00 00 00 00 00 00 00 00 00 00 00 00 00 00 00 00 00 00 00 00 00 00 00 08 00 00 00 00 00 00 00 00 00 00 00 00 00 00 00 00 00 00 00 00 00 00 00 02 00 00 00 44 01 00 00 00 00 00 00 00 00 01 00 00 00 00 00
Sparrow Bandana        | 3B 00 00 00 02 00 00 00 01 00 64 00 48 00 00 00 00 00 00 00 00 00 00 00 00 09 00 00 00 00 00 00 00 00 00 00 00 00 00 00 00 00 00 00 00 00 00 00 00 00 00 00 00 00 00 00 00 00 00 00 00 00 00 00 08 00 00 00 00 00 00 00 00 00 00 00 00 00 00 00 00 00 00 00 00 00 00 00 02 00 00 00 44 01 00 00 00 00 00 00 00 00 00 00 00 00 00 00
Rail Bandana           | 3C 00 00 00 02 00 00 00 01 00 D6 01 48 00 00 00 00 00 00 00 00 00 00 00 00 0F 00 00 00 00 00 00 00 00 00 00 00 00 00 00 00 00 00 00 00 00 00 00 00 00 00 00 00 00 00 00 00 00 00 00 00 00 00 00 08 00 00 00 00 00 00 00 00 00 00 00 00 00 00 00 00 00 00 00 00 00 00 00 02 00 00 00 44 01 00 00 00 00 00 00 00 00 01 00 00 00 00 00
Swallow Bandana        | 3D 00 00 00 02 00 00 00 01 00 BA 02 48 00 00 00 00 00 00 00 00 00 00 00 00 14 00 00 00 00 00 00 00 00 00 00 00 00 00 00 00 00 00 00 00 00 00 00 00 00 00 00 00 00 00 00 00 00 00 00 00 00 00 00 08 00 00 00 00 00 00 00 00 00 00 00 00 00 00 00 00 00 00 00 00 00 00 00 02 00 00 00 44 01 00 00 00 00 00 00 00 00 01 00 00 00 00 00
Crow Bandana           | 3E 00 00 00 02 00 00 00 01 00 F8 02 48 00 00 00 00 00 00 00 00 00 00 00 00 19 00 00 00 00 00 00 00 00 00 00 00 00 00 00 00 00 00 00 00 00 00 00 00 00 00 00 00 00 00 00 00 00 00 00 00 00 00 00 08 00 00 00 00 00 00 00 00 00 00 00 00 00 00 00 00 00 00 00 00 00 00 00 02 00 00 00 44 01 00 00 00 00 00 00 00 00 01 00 00 00 00 00
Kite Bandana           | 3F 00 00 00 02 00 00 00 01 00 98 03 48 00 00 00 00 00 00 00 00 00 00 00 00 1E 00 00 00 00 00 00 00 00 00 00 00 00 00 00 00 00 00 00 00 00 00 00 00 00 00 00 00 00 00 00 00 00 00 00 00 00 00 00 08 00 00 00 00 00 00 00 00 00 00 00 00 00 00 00 00 00 00 00 00 00 00 00 02 00 00 00 44 01 00 00 00 00 00 00 00 00 01 00 00 00 00 00
Horus Bandana          | 40 00 00 00 02 00 00 00 01 00 70 03 48 00 00 00 00 00 00 00 00 00 00 00 00 23 00 00 00 00 00 00 00 00 00 00 9C FF 00 00 00 00 00 00 00 00 00 00 00 00 00 00 00 00 00 00 00 00 00 00 00 00 00 00 08 00 00 00 00 00 00 00 00 00 00 00 00 00 00 00 00 00 00 00 00 00 00 00 02 00 00 00 44 01 00 00 00 00 00 00 00 00 01 00 00 00 00 00
Ordinary Hat           | 41 00 00 00 02 00 00 00 01 00 32 00 66 00 00 00 00 00 00 00 00 00 00 00 00 03 00 00 00 00 00 00 00 00 00 00 00 00 00 00 00 00 00 00 00 00 00 00 00 00 00 00 00 00 00 00 00 00 00 00 00 00 00 00 08 00 00 00 00 00 00 00 00 00 00 00 00 00 00 00 00 00 00 00 00 00 00 00 02 00 00 00 44 01 00 00 00 00 00 00 00 00 01 00 00 00 00 00
Cow Hat                | 42 00 00 00 02 00 00 00 01 00 FA 00 64 00 00 00 00 00 00 00 00 00 00 00 00 0A 00 00 00 00 00 00 00 00 00 00 00 00 00 00 00 00 00 00 00 00 00 00 00 00 00 00 00 00 00 00 00 00 00 00 00 00 00 00 08 00 00 00 00 00 00 00 00 00 00 00 00 00 00 00 00 00 00 00 00 00 00 00 02 00 00 00 44 01 00 00 00 00 00 00 00 00 01 00 00 00 00 00
Alligator Hat          | 43 00 00 00 02 00 00 00 01 00 E4 02 64 00 00 00 00 00 00 00 00 00 00 00 00 14 00 00 00 00 00 00 00 00 00 00 00 00 00 00 00 00 00 00 00 00 9C FF 00 00 00 00 00 00 00 00 00 00 00 00 00 00 00 00 08 00 00 00 00 00 00 00 00 00 00 00 00 00 00 00 00 00 00 00 00 00 00 00 02 00 00 00 44 01 00 00 00 00 00 00 00 00 01 00 00 00 00 00
Bear Hat               | 44 00 00 00 02 00 00 00 01 00 68 01 64 00 00 00 00 00 00 00 00 00 00 00 00 0F 00 00 00 00 00 00 00 00 00 00 00 00 00 00 00 00 00 00 00 00 00 00 00 00 00 00 00 00 00 00 00 00 00 00 00 00 00 00 08 00 00 00 00 00 00 00 00 00 00 00 00 00 00 00 00 00 00 00 00 00 00 00 02 00 00 00 44 01 00 00 00 00 00 00 00 00 01 00 00 00 00 00
Otter Hat              | 45 00 00 00 02 00 00 00 01 00 34 03 64 00 00 00 00 00 00 00 00 00 00 00 00 19 00 00 00 00 00 00 00 00 00 00 00 00 00 00 00 00 00 00 00 00 00 00 00 00 00 00 00 00 00 00 00 00 00 00 00 00 00 00 08 00 00 00 00 00 00 00 00 00 00 00 00 00 00 00 00 00 00 00 00 00 00 00 02 00 00 00 44 01 00 00 00 00 00 00 00 00 01 00 00 00 00 00
Scarlet Ribbon         | 46 00 00 00 02 00 00 00 01 00 19 00 30 00 00 00 00 00 00 00 00 00 00 00 00 02 00 00 00 00 00 00 00 00 00 00 00 00 00 00 00 00 00 00 00 00 00 00 00 00 00 00 00 00 00 00 00 00 00 00 00 00 00 00 08 00 00 00 00 00 00 00 00 00 00 00 00 00 00 00 00 00 00 00 00 00 00 00 02 00 00 00 44 01 00 00 00 00 00 00 00 00 01 00 00 00 00 00
Azure Ribbon           | 47 00 00 00 02 00 00 00 01 00 5A 00 30 00 00 00 00 00 00 00 00 00 00 00 00 08 00 00 00 00 00 00 00 00 00 00 00 00 00 00 00 00 00 00 00 00 00 00 00 00 00 00 00 00 00 00 00 00 00 00 00 00 00 00 08 00 00 00 00 00 00 00 00 00 00 00 00 00 00 00 00 00 00 00 00 00 00 00 02 00 00 00 44 01 00 00 00 00 00 00 00 00 01 00 00 00 00 00
Boing Ribbon           | 48 00 00 00 02 00 00 00 01 00 86 01 30 00 00 00 00 00 00 00 00 00 00 00 00 0E 00 00 00 00 00 00 00 00 00 00 00 00 00 00 00 00 9C FF 00 00 00 00 00 00 00 00 00 00 00 00 00 00 00 00 00 00 00 00 08 00 00 00 00 00 00 00 00 00 00 00 00 00 00 00 00 00 00 00 00 00 00 00 02 00 00 00 44 01 00 00 00 00 00 00 00 00 01 00 00 00 00 00
Fairy Ribbon           | 49 00 00 00 02 00 00 00 01 00 A8 02 30 00 00 00 00 00 00 00 00 00 00 00 00 12 00 00 00 00 00 00 00 00 00 00 9C FF 00 00 00 00 00 00 00 00 00 00 00 00 00 00 00 00 00 00 00 00 00 00 00 00 00 00 08 00 00 00 00 00 00 00 00 00 00 00 00 00 00 00 00 00 00 00 00 00 00 00 02 00 00 00 44 01 00 00 00 00 00 00 00 00 01 00 00 00 00 00
Angel Ribbon           | 4A 00 00 00 02 00 00 00 01 00 EE 02 30 00 00 00 00 00 00 00 00 00 00 00 00 1B 00 03 00 00 00 00 00 00 00 00 00 00 00 00 00 00 00 00 00 00 00 00 00 00 00 00 00 00 00 00 00 00 00 00 00 00 00 00 08 00 00 00 00 00 00 00 00 00 00 00 00 00 00 00 00 00 00 00 00 00 00 00 02 00 00 00 44 01 00 00 00 00 00 00 00 00 01 00 00 00 00 00
Goddess Ribbon         | 4B 00 00 00 02 00 00 00 01 00 7E 04 30 00 00 00 00 00 00 00 00 00 00 00 00 20 00 00 00 00 00 00 00 00 00 00 00 00 00 00 00 00 00 00 00 00 00 00 00 00 00 00 00 00 00 00 00 00 00 00 00 00 00 00 08 00 00 00 00 00 00 00 00 00 00 00 00 00 00 00 00 00 00 00 00 00 00 00 02 00 00 00 44 01 00 00 00 00 00 00 00 00 01 00 00 00 00 00
DCMC Hat               | 4C 00 00 00 02 00 00 00 01 00 64 00 2C 00 00 00 00 00 00 00 00 00 00 00 00 07 00 02 00 00 00 00 00 00 00 00 00 00 00 00 00 00 00 00 00 00 00 00 00 00 00 00 00 00 00 00 00 00 00 00 00 00 00 00 06 00 00 00 00 00 00 00 0D 00 00 00 00 00 00 00 00 00 0C 64 01 00 00 00 02 00 00 00 64 01 00 00 00 00 00 00 00 00 01 00 00 00 00 00
Awesome Crown          | 4D 00 00 00 02 00 00 00 01 00 D0 07 04 00 00 00 00 00 00 00 1E 00 00 00 00 14 00 00 00 00 00 00 00 00 00 00 00 00 00 00 00 00 CE FF 00 00 00 00 00 00 00 00 00 00 00 00 00 00 00 00 00 00 00 00 08 00 00 00 00 00 00 00 00 00 00 00 00 00 00 00 00 00 00 00 00 00 00 00 02 00 00 00 44 01 00 00 00 00 00 00 00 00 01 00 00 00 00 00
Aries Bracelet         | 4E 00 00 00 03 00 00 00 01 00 19 00 5E 00 00 00 00 00 00 00 00 00 00 00 00 03 00 00 00 00 00 00 00 00 00 00 00 00 00 00 00 00 00 00 00 00 00 00 00 00 00 00 00 00 00 00 00 00 00 00 00 00 00 00 08 00 00 00 00 00 00 00 00 00 00 00 00 00 00 00 00 00 00 00 00 00 00 00 02 00 00 00 44 01 00 00 00 00 00 00 00 00 01 00 00 00 00 00
Aquarius Bracelet      | 4F 00 00 00 03 00 00 00 01 00 32 00 5E 00 00 00 00 00 00 00 00 00 00 00 00 05 00 00 00 00 00 00 00 00 00 00 00 00 00 00 00 00 00 00 00 00 00 00 00 00 00 00 00 00 00 00 00 00 00 00 00 00 00 00 08 00 00 00 00 00 00 00 00 00 00 00 00 00 00 00 00 00 00 00 00 00 00 00 02 00 00 00 44 01 00 00 00 00 00 00 00 00 01 00 00 00 00 00
Pisces Bracelet        | 50 00 00 00 03 00 00 00 01 00 50 00 5E 00 00 00 00 00 00 00 00 00 00 00 00 07 00 00 00 00 00 00 00 00 00 00 00 00 00 00 00 00 00 00 00 00 00 00 00 00 00 00 00 00 00 00 00 00 00 00 00 00 00 00 08 00 00 00 00 00 00 00 00 00 00 00 00 00 00 00 00 00 00 00 00 00 00 00 02 00 00 00 44 01 00 00 00 00 00 00 00 00 01 00 00 00 00 00
Capricorn Bracelet     | 51 00 00 00 03 00 00 00 01 00 2C 01 5E 00 00 00 00 00 00 00 00 00 00 00 00 09 00 00 00 00 00 00 00 00 00 00 00 00 00 00 00 00 00 00 00 00 00 00 00 00 00 00 00 00 00 00 00 00 00 00 00 00 00 00 08 00 00 00 00 00 00 00 00 00 00 00 00 00 00 00 00 00 00 00 00 00 00 00 02 00 00 00 44 01 00 00 00 00 00 00 00 00 01 00 00 00 00 00
Taurus Bracelet        | 52 00 00 00 03 00 00 00 01 00 58 02 5E 00 00 00 00 00 00 00 00 00 00 00 00 0F 00 00 00 00 00 00 00 00 00 00 00 00 00 00 00 00 00 00 00 00 00 00 00 00 00 00 00 00 00 00 00 00 00 00 00 00 00 00 08 00 00 00 00 00 00 00 00 00 00 00 00 00 00 00 00 00 00 00 00 00 00 00 02 00 00 00 44 01 00 00 00 00 00 00 00 00 01 00 00 00 00 00
Gemini Bracelet        | 53 00 00 00 03 00 00 00 01 00 8A 02 04 00 00 00 00 00 00 00 00 00 00 00 0A 0C 00 00 00 00 00 00 00 00 00 00 00 00 00 00 00 00 00 00 00 00 00 00 00 00 00 00 00 00 00 00 00 00 00 00 00 00 00 00 08 00 00 00 00 00 00 00 00 00 00 00 00 00 00 00 00 00 00 00 00 00 00 00 02 00 00 00 44 01 00 00 00 00 00 00 00 00 01 00 00 00 00 00
Cancer Bracelet        | 54 00 00 00 03 00 00 00 01 00 BC 02 5E 00 00 00 00 00 00 00 00 00 00 00 00 14 00 00 00 00 00 00 00 00 00 00 00 00 00 00 00 00 00 00 00 00 00 00 00 00 00 00 00 00 00 00 00 00 00 00 00 00 00 00 08 00 00 00 00 00 00 00 00 00 00 00 00 00 00 00 00 00 00 00 00 00 00 00 02 00 00 00 44 01 00 00 00 00 00 00 00 00 01 00 00 00 00 00
Leo Bracelet           | 55 00 00 00 03 00 00 00 01 00 20 03 5E 00 00 00 00 00 00 00 00 00 00 00 00 19 00 00 00 00 00 00 00 00 00 00 00 00 00 00 00 00 00 00 00 00 00 00 00 00 00 00 00 00 00 00 00 00 00 00 00 00 00 00 08 00 00 00 00 00 00 00 00 00 00 00 00 00 00 00 00 00 00 00 00 00 00 00 02 00 00 00 44 01 00 00 00 00 00 00 00 00 01 00 00 00 00 00
Virgo Bracelet         | 56 00 00 00 03 00 00 00 01 00 84 03 10 00 00 00 00 00 00 00 0A 00 00 00 00 1A 00 00 00 00 00 00 00 00 00 00 00 00 00 00 00 00 00 00 00 00 00 00 00 00 00 00 00 00 00 00 00 00 00 00 00 00 00 00 08 00 00 00 00 00 00 00 00 00 00 00 00 00 00 00 00 00 00 00 00 00 00 00 02 00 00 00 44 01 00 00 00 00 00 00 00 00 01 00 00 00 00 00
Libra Bracelet         | 57 00 00 00 03 00 00 00 01 00 B0 04 5E 00 00 00 00 00 00 00 00 00 00 00 00 1E 00 00 00 00 00 00 00 00 00 00 00 00 00 00 00 00 00 00 00 00 00 00 00 00 00 00 00 00 00 00 00 00 00 00 00 00 00 00 08 00 00 00 00 00 00 00 00 00 00 00 00 00 00 00 00 00 00 00 00 00 00 00 02 00 00 00 44 01 00 00 00 00 00 00 00 00 01 00 00 00 00 00
Scorpio Bracelet       | 58 00 00 00 03 00 00 00 01 00 78 05 5E 00 00 00 00 00 00 00 00 00 00 00 00 23 00 00 00 00 00 00 00 00 00 00 00 00 00 00 00 00 00 00 00 00 00 00 00 00 00 00 00 00 00 00 00 00 00 00 00 00 00 00 08 00 00 00 00 00 00 00 00 00 00 00 00 00 00 00 00 00 00 00 00 00 00 00 02 00 00 00 44 01 00 00 00 00 00 00 00 00 01 00 00 00 00 00
Sagittarius Bracelet   | 59 00 00 00 03 00 00 00 01 00 40 06 5E 00 00 00 00 00 00 00 00 00 00 00 00 2D 00 00 00 00 00 00 00 00 00 00 00 00 00 00 00 00 00 00 00 00 00 00 00 00 00 00 00 00 00 00 00 00 00 00 00 00 00 00 08 00 00 00 00 00 00 00 00 00 00 00 00 00 00 00 00 00 00 00 00 00 00 00 02 00 00 00 44 01 00 00 00 00 00 00 00 00 01 00 00 00 00 00
DCMC Ring              | 5A 00 00 00 03 00 00 00 01 00 C8 00 1C 00 00 00 00 00 00 00 00 00 00 00 00 07 00 05 00 00 00 00 00 00 00 00 00 00 00 00 00 00 00 00 00 00 00 00 00 00 00 00 00 00 00 00 00 00 00 00 00 00 00 00 06 00 00 00 00 00 00 00 0D 00 00 00 00 00 00 00 00 00 0C 64 01 00 00 00 02 00 00 00 64 01 00 00 00 00 00 00 00 00 01 00 00 00 00 00
Awesome Ring           | 5B 00 00 00 03 00 00 00 01 00 60 09 04 00 00 00 00 00 00 00 1E 00 00 00 00 1E 00 00 00 00 00 00 00 00 00 00 00 00 00 00 00 00 00 00 00 00 00 00 00 00 00 00 00 00 00 00 00 00 00 00 00 00 00 00 08 00 00 00 00 00 00 00 00 00 00 00 00 00 00 00 00 00 00 00 00 00 00 00 02 00 00 00 44 01 00 00 00 00 00 00 00 00 01 00 00 00 00 00
Favorite Food          | 5C 00 00 00 04 00 00 00 01 00 64 00 00 00 00 00 00 00 00 00 00 00 00 00 00 00 00 00 00 00 00 00 00 00 00 00 00 00 00 00 00 00 00 00 00 00 00 00 00 00 00 00 00 00 00 00 00 00 00 00 00 00 00 00 03 00 00 00 00 00 00 00 01 00 00 00 00 00 2C 01 2C 01 00 00 00 00 00 00 02 00 00 00 46 01 00 00 1C 00 00 00 00 00 01 00 00 00 01 00
Nut                    | 5D 00 00 00 04 00 00 00 01 00 01 00 00 00 00 00 00 00 00 00 00 00 00 00 00 00 00 00 00 00 00 00 00 00 00 00 00 00 00 00 00 00 00 00 00 00 00 00 00 00 00 00 00 00 00 00 00 00 00 00 00 00 00 00 03 00 00 00 00 00 00 00 01 00 00 00 00 00 05 00 05 00 00 00 00 00 00 00 02 00 00 00 46 01 00 00 1A 00 00 00 00 00 01 00 00 00 01 00
Nut Bread              | 5E 00 00 00 04 00 00 00 01 00 06 00 00 00 00 00 00 00 00 00 00 00 00 00 00 00 00 00 00 00 00 00 00 00 00 00 00 00 00 00 00 00 00 00 00 00 00 00 00 00 00 00 00 00 00 00 00 00 00 00 00 00 00 00 03 00 00 00 00 00 00 00 01 00 00 00 00 00 1E 00 1E 00 00 00 00 00 00 00 02 00 00 00 46 01 00 00 1A 00 00 00 00 00 01 00 00 00 01 00
Nut Cookie             | 5F 00 00 00 04 00 00 00 01 00 04 00 00 00 00 00 00 00 00 00 00 00 00 00 00 00 00 00 00 00 00 00 00 00 00 00 00 00 00 00 00 00 00 00 00 00 00 00 00 00 00 00 00 00 00 00 00 00 00 00 00 00 00 00 03 00 00 00 00 00 00 00 01 00 00 00 00 00 0F 00 0F 00 00 00 00 00 00 00 02 00 00 00 46 01 00 00 1A 00 00 00 00 00 01 00 00 00 01 00
Fresh Milk             | 60 00 00 00 04 00 00 00 01 00 1E 00 00 00 00 00 00 00 00 00 00 00 00 00 00 00 00 00 00 00 00 00 00 00 00 00 00 00 00 00 00 00 00 00 00 00 00 00 00 00 00 00 00 00 00 00 00 00 00 00 00 00 00 00 03 00 00 00 00 00 00 00 01 00 00 00 00 00 50 00 50 00 00 00 00 00 00 00 02 00 00 00 48 01 00 00 1A 00 00 00 00 00 01 00 00 00 01 00
Rotten Milk            | 61 00 00 00 04 00 00 00 01 00 03 00 00 00 00 00 00 00 00 00 00 00 00 00 00 00 00 00 00 00 00 00 00 00 00 00 00 00 00 00 00 00 00 00 00 00 00 00 00 00 00 00 00 00 00 00 00 00 00 00 00 00 00 00 03 00 00 00 00 00 00 00 01 00 00 00 00 00 0A 00 0A 00 00 00 00 00 00 00 02 00 00 00 48 01 00 00 1A 00 00 00 00 00 01 00 00 00 01 00
Yogurt                 | 62 00 00 00 04 00 00 00 01 00 23 00 00 00 00 00 00 00 00 00 00 00 00 00 00 00 00 00 00 00 00 00 00 00 00 00 00 00 00 00 00 00 00 00 00 00 00 00 00 00 00 00 00 00 00 00 00 00 00 00 00 00 00 00 03 00 00 00 00 00 00 00 01 00 00 00 00 00 50 00 50 00 00 00 00 00 00 00 02 00 00 00 46 01 00 00 1A 00 00 00 00 00 01 00 00 00 01 00
Edible Mushroom        | 63 00 00 00 04 00 00 00 01 00 05 00 00 00 00 00 00 00 00 00 00 00 00 00 00 00 00 00 00 00 00 00 00 00 00 00 00 00 00 00 00 00 00 00 00 00 00 00 00 00 00 00 00 00 00 00 00 00 00 00 00 00 00 00 03 00 00 00 00 00 00 00 01 00 00 00 00 00 14 00 14 00 00 00 00 00 00 00 02 00 00 00 46 01 00 00 1A 00 00 00 00 00 01 00 00 00 01 00
Innit Tea              | 64 00 00 00 04 00 00 00 01 00 04 00 00 00 00 00 00 00 00 00 00 00 00 00 00 00 00 00 00 00 00 00 00 00 00 00 00 00 00 00 00 00 00 00 00 00 00 00 00 00 00 00 00 00 00 00 00 00 00 00 00 00 00 00 03 00 00 00 00 00 00 00 01 00 00 00 00 00 0F 00 0F 00 00 00 00 00 00 00 02 00 00 00 48 01 00 00 1A 00 00 00 00 00 01 00 00 00 01 00
Beef Jerky             | 65 00 00 00 04 00 00 00 01 00 0D 00 00 00 00 00 00 00 00 00 00 00 00 00 00 00 00 00 00 00 00 00 00 00 00 00 00 00 00 00 00 00 00 00 00 00 00 00 00 00 00 00 00 00 00 00 00 00 00 00 00 00 00 00 03 00 00 00 00 00 00 00 01 00 00 00 00 00 3C 00 3C 00 00 00 00 00 00 00 02 00 00 00 46 01 00 00 1A 00 00 00 00 00 01 00 00 00 01 00
Fresh Egg              | 66 00 00 00 04 00 00 00 01 00 14 00 00 00 00 00 00 00 00 00 00 00 00 00 00 00 00 00 00 00 00 00 00 00 00 00 00 00 00 00 00 00 00 00 00 00 00 00 00 00 00 00 00 00 00 00 00 00 00 00 00 00 00 00 03 00 00 00 00 00 00 00 01 00 00 00 00 00 50 00 50 00 00 00 00 00 00 00 02 00 00 00 46 01 00 00 1A 00 00 00 00 00 01 00 00 00 01 00
Rotten Eclair          | 67 00 00 00 07 00 00 00 01 00 01 00 00 00 00 00 00 00 00 00 00 00 00 00 00 00 00 00 00 00 00 00 00 00 00 00 00 00 00 00 00 00 00 00 00 00 00 00 00 00 00 00 00 00 00 00 00 00 00 00 00 00 00 00 08 00 00 00 00 00 00 00 01 00 00 00 00 00 00 00 00 00 00 00 00 00 00 00 02 00 00 00 8E 01 00 00 00 00 00 00 00 00 01 00 00 00 00 00
Rotten Bavarois        | 68 00 00 00 07 00 00 00 01 00 01 00 00 00 00 00 00 00 00 00 00 00 00 00 00 00 00 00 00 00 00 00 00 00 00 00 00 00 00 00 00 00 00 00 00 00 00 00 00 00 00 00 00 00 00 00 00 00 00 00 00 00 00 00 08 00 00 00 00 00 00 00 01 00 00 00 00 00 00 00 00 00 00 00 00 00 00 00 02 00 00 00 8E 01 00 00 00 00 00 00 00 00 01 00 00 00 00 00
Peculiar Cheese        | 69 00 00 00 04 00 00 00 01 00 0A 00 00 00 00 00 00 00 00 00 00 00 00 00 00 00 00 00 00 00 00 00 00 00 00 00 00 00 00 00 00 00 00 00 00 00 00 00 00 00 00 00 00 00 00 00 00 00 00 00 00 00 00 00 03 00 00 00 00 00 00 00 01 00 00 00 00 00 1E 00 1E 00 00 00 00 00 00 00 02 00 00 00 46 01 00 00 1A 00 00 00 00 00 01 00 00 00 01 00
Bag of Pork Chips      | 6A 00 00 00 04 00 00 00 01 00 0E 00 00 00 00 00 00 00 00 00 00 00 00 00 00 00 00 00 00 00 00 00 00 00 00 00 00 00 00 00 00 00 00 00 00 00 00 00 00 00 00 00 00 00 00 00 00 00 00 00 00 00 00 00 03 00 00 00 00 00 00 00 01 00 00 00 00 00 32 00 32 00 00 00 00 00 00 00 02 00 00 00 46 01 00 00 1A 00 00 00 00 00 01 00 00 00 01 00
Luxury Banana          | 6B 00 00 00 04 00 00 00 01 00 FA 00 00 00 00 00 00 00 00 00 00 00 00 00 00 00 00 00 00 00 00 00 00 00 00 00 00 00 00 00 00 00 00 00 00 00 00 00 00 00 00 00 00 00 00 00 00 00 00 00 00 00 00 00 03 00 00 00 00 00 00 00 01 00 00 00 00 00 78 00 78 00 00 00 00 00 00 00 02 00 00 00 46 01 00 00 1B 00 00 00 00 00 01 00 00 00 01 00
Bread Roll             | 6C 00 00 00 04 00 00 00 01 00 0F 00 00 00 00 00 00 00 00 00 00 00 00 00 00 00 00 00 00 00 00 00 00 00 00 00 00 00 00 00 00 00 00 00 00 00 00 00 00 00 00 00 00 00 00 00 00 00 00 00 00 00 00 00 03 00 00 00 00 00 00 00 01 00 00 00 00 00 3C 00 3C 00 00 00 00 00 00 00 02 00 00 00 46 01 00 00 1A 00 00 00 00 00 01 00 00 00 01 00
Fizzy Soda             | 6D 00 00 00 04 00 00 00 01 00 03 00 00 00 00 00 00 00 00 00 00 00 00 00 00 00 00 00 00 00 00 00 00 00 00 00 00 00 00 00 00 00 00 00 00 00 00 00 00 00 00 00 00 00 00 00 00 00 00 00 00 00 00 00 03 00 00 00 00 00 00 00 01 00 00 00 00 00 14 00 14 00 00 00 00 00 00 00 02 00 00 00 48 01 00 00 1A 00 00 00 00 00 01 00 00 00 01 00
Big City Soda          | 6E 00 00 00 04 00 00 00 01 00 04 00 00 00 00 00 00 00 00 00 00 00 00 00 00 00 00 00 00 00 00 00 00 00 00 00 00 00 00 00 00 00 00 00 00 00 00 00 00 00 00 00 00 00 00 00 00 00 00 00 00 00 00 00 03 00 00 00 00 00 00 00 01 00 00 00 00 00 14 00 14 00 00 00 00 00 00 00 02 00 00 00 48 01 00 00 1A 00 00 00 00 00 01 00 00 00 01 00
Big City Cola          | 6F 00 00 00 04 00 00 00 01 00 05 00 00 00 00 00 00 00 00 00 00 00 00 00 00 00 00 00 00 00 00 00 00 00 00 00 00 00 00 00 00 00 00 00 00 00 00 00 00 00 00 00 00 00 00 00 00 00 00 00 00 00 00 00 03 00 00 00 00 00 00 00 01 00 00 00 00 00 1E 00 1E 00 00 00 00 00 00 00 02 00 00 00 48 01 00 00 1A 00 00 00 00 00 01 00 00 00 01 00
Big City Burger        | 70 00 00 00 04 00 00 00 01 00 1E 00 00 00 00 00 00 00 00 00 00 00 00 00 00 00 00 00 00 00 00 00 00 00 00 00 00 00 00 00 00 00 00 00 00 00 00 00 00 00 00 00 00 00 00 00 00 00 00 00 00 00 00 00 03 00 00 00 00 00 00 00 01 00 00 00 00 00 64 00 64 00 00 00 00 00 00 00 02 00 00 00 46 01 00 00 1B 00 00 00 00 00 01 00 00 00 01 00
Bag of Big City Fries  | 71 00 00 00 04 00 00 00 01 00 14 00 00 00 00 00 00 00 00 00 00 00 00 00 00 00 00 00 00 00 00 00 00 00 00 00 00 00 00 00 00 00 00 00 00 00 00 00 00 00 00 00 00 00 00 00 00 00 00 00 00 00 00 00 03 00 00 00 00 00 00 00 01 00 00 00 00 00 46 00 46 00 00 00 00 00 00 00 02 00 00 00 46 01 00 00 1A 00 00 00 00 00 01 00 00 00 01 00
Doggy Biscuit          | 72 00 00 00 04 00 00 00 01 00 08 00 00 00 00 00 00 00 00 00 00 00 00 00 00 00 00 00 00 00 00 00 00 00 00 00 00 00 00 00 00 00 00 00 00 00 00 00 00 00 00 00 00 00 00 00 00 00 00 00 00 00 00 00 03 00 00 00 00 00 00 00 01 00 00 00 00 00 3C 00 3C 00 00 00 00 00 00 00 02 00 00 00 46 01 00 00 1A 00 00 00 00 00 01 00 00 00 01 00
Doggy Jerky            | 73 00 00 00 04 00 00 00 01 00 1B 00 00 00 00 00 00 00 00 00 00 00 00 00 00 00 00 00 00 00 00 00 00 00 00 00 00 00 00 00 00 00 00 00 00 00 00 00 00 00 00 00 00 00 00 00 00 00 00 00 00 00 00 00 03 00 00 00 00 00 00 00 01 00 00 00 00 00 96 00 96 00 00 00 00 00 00 00 02 00 00 00 46 01 00 00 1B 00 00 00 00 00 01 00 00 00 01 00
White Croissant        | 74 00 00 00 04 00 00 00 01 00 14 00 00 00 00 00 00 00 00 00 00 00 00 00 00 00 00 00 00 00 00 00 00 00 00 00 00 00 00 00 00 00 00 00 00 00 00 00 00 00 00 00 00 00 00 00 00 00 00 00 00 00 00 00 03 00 00 00 00 00 00 00 01 00 00 00 00 00 46 00 46 00 00 00 00 00 00 00 02 00 00 00 46 01 00 00 1A 00 00 00 00 00 01 00 00 00 01 00
Cup of Pork Noodles    | 75 00 00 00 04 00 00 00 01 00 28 00 00 00 00 00 00 00 00 00 00 00 00 00 00 00 00 00 00 00 00 00 00 00 00 00 00 00 00 00 00 00 00 00 00 00 00 00 00 00 00 00 00 00 00 00 00 00 00 00 00 00 00 00 03 00 00 00 00 00 00 00 01 00 00 00 00 00 50 00 50 00 00 00 00 00 00 00 02 00 00 00 46 01 00 00 1A 00 00 00 00 00 01 00 00 00 01 00
Pork Stew              | 76 00 00 00 04 00 00 00 01 00 3C 00 00 00 00 00 00 00 00 00 00 00 00 00 00 00 00 00 00 00 00 00 00 00 00 00 00 00 00 00 00 00 00 00 00 00 00 00 00 00 00 00 00 00 00 00 00 00 00 00 00 00 00 00 03 00 00 00 00 00 00 00 01 00 00 00 00 00 64 00 64 00 00 00 00 00 00 00 02 00 00 00 46 01 00 00 1B 00 00 00 00 00 01 00 00 00 01 00
Sincerity Dumplings    | 77 00 00 00 04 00 00 00 01 00 32 00 00 00 00 00 00 00 00 00 00 00 00 00 00 00 00 00 00 00 00 00 00 00 00 00 00 00 00 00 00 00 00 00 00 00 00 00 00 00 00 00 00 00 00 00 00 00 00 00 00 00 00 00 03 00 00 00 00 00 00 00 01 00 00 00 00 00 64 00 64 00 00 00 00 00 00 00 02 00 00 00 46 01 00 00 1B 00 00 00 00 00 01 00 00 00 01 00
Strawberry Tofu        | 78 00 00 00 04 00 00 00 01 00 5A 00 00 00 00 00 00 00 00 00 00 00 00 00 00 00 00 00 00 00 00 00 00 00 00 00 00 00 00 00 00 00 00 00 00 00 00 00 00 00 00 00 00 00 00 00 00 00 00 00 00 00 00 00 03 00 00 00 00 00 00 00 01 00 00 00 00 00 78 00 78 00 00 00 00 00 00 00 02 00 00 00 46 01 00 00 1B 00 00 00 00 00 01 00 00 00 01 00
Lucky Rice             | 79 00 00 00 04 00 00 00 01 00 3F 00 00 00 00 00 00 00 00 00 00 00 00 00 00 00 00 00 00 00 00 00 00 00 00 00 00 00 00 00 00 00 00 00 00 00 00 00 00 00 00 00 00 00 00 00 00 00 00 00 00 00 00 00 03 00 00 00 00 00 00 00 01 00 00 00 00 00 3C 00 C8 00 00 00 00 00 00 00 02 00 00 00 46 01 00 00 1B 00 00 00 00 00 01 00 00 00 01 00
Lotto Meal             | 7A 00 00 00 04 00 00 00 01 00 34 00 00 00 00 00 00 00 00 00 00 00 00 00 00 00 00 00 00 00 00 00 00 00 00 00 00 00 00 00 00 00 00 00 00 00 00 00 00 00 00 00 00 00 00 00 00 00 00 00 00 00 00 00 06 00 00 00 00 00 00 00 01 00 00 00 00 00 00 00 00 00 00 64 01 00 00 00 02 00 00 00 46 01 00 00 00 00 00 00 00 00 01 00 00 00 01 00
Jumbo Shrimp Soup      | 7B 00 00 00 04 00 00 00 01 00 AF 00 00 00 00 00 00 00 00 00 00 00 00 00 00 00 00 00 00 00 00 00 00 00 00 00 00 00 00 00 00 00 00 00 00 00 00 00 00 00 00 00 00 00 00 00 00 00 00 00 00 00 00 00 03 00 00 00 00 00 00 00 01 00 00 00 00 00 96 00 96 00 00 00 00 00 00 00 02 00 00 00 48 01 00 00 1B 00 00 00 00 00 01 00 00 00 01 00
Giant Abalone Steak    | 7C 00 00 00 04 00 00 00 01 00 C8 00 00 00 00 00 00 00 00 00 00 00 00 00 00 00 00 00 00 00 00 00 00 00 00 00 00 00 00 00 00 00 00 00 00 00 00 00 00 00 00 00 00 00 00 00 00 00 00 00 00 00 00 00 03 00 00 00 00 00 00 00 01 00 00 00 00 00 B4 00 B4 00 00 00 00 00 00 00 02 00 00 00 46 01 00 00 1C 00 00 00 00 00 01 00 00 00 01 00
Double Jerky           | 7D 00 00 00 04 00 00 00 01 00 78 00 00 00 00 00 00 00 00 00 00 00 00 00 00 00 00 00 00 00 00 00 00 00 00 00 00 00 00 00 00 00 00 00 00 00 00 00 00 00 00 00 00 00 00 00 00 00 00 00 00 00 00 00 03 00 00 00 00 00 00 00 01 00 00 00 00 00 A0 00 A0 00 00 00 00 00 00 00 02 00 00 00 46 01 00 00 1B 00 00 00 00 00 01 00 00 00 01 00
Grilled Chicken        | 7E 00 00 00 04 00 00 00 01 00 96 00 00 00 00 00 00 00 00 00 00 00 00 00 00 00 00 00 00 00 00 00 00 00 00 00 00 00 00 00 00 00 00 00 00 00 00 00 00 00 00 00 00 00 00 00 00 00 00 00 00 00 00 00 03 00 00 00 00 00 00 00 01 00 00 00 00 00 AA 00 AA 00 00 00 00 00 00 00 02 00 00 00 46 01 00 00 1C 00 00 00 00 00 01 00 00 00 01 00
Grilled Fish           | 7F 00 00 00 04 00 00 00 01 00 4B 00 00 00 00 00 00 00 00 00 00 00 00 00 00 00 00 00 00 00 00 00 00 00 00 00 00 00 00 00 00 00 00 00 00 00 00 00 00 00 00 00 00 00 00 00 00 00 00 00 00 00 00 00 03 00 00 00 00 00 00 00 01 00 00 00 00 00 78 00 78 00 00 00 00 00 00 00 02 00 00 00 46 01 00 00 1B 00 00 00 00 00 01 00 00 00 01 00
Pasta with a Past      | 80 00 00 00 04 00 00 00 01 00 BC 02 00 00 00 00 00 00 00 00 00 00 00 00 00 00 00 00 00 00 00 00 00 00 00 00 00 00 00 00 00 00 00 00 00 00 00 00 00 00 00 00 00 00 00 00 00 00 00 00 00 00 00 00 03 00 00 00 00 00 00 00 01 00 00 00 00 00 BE 00 BE 00 00 00 00 00 00 00 02 00 00 00 46 01 00 00 1C 00 00 00 00 00 01 00 00 00 01 00
Favorite Pizza         | 81 00 00 00 04 00 00 00 01 00 0C 03 00 00 00 00 00 00 00 00 00 00 00 00 00 00 00 00 00 00 00 00 00 00 00 00 00 00 00 00 00 00 00 00 00 00 00 00 00 00 00 00 00 00 00 00 00 00 00 00 00 00 00 00 03 00 00 00 00 00 00 00 01 00 00 00 00 00 FA 00 FA 00 00 00 00 00 00 00 02 00 00 00 46 01 00 00 1C 00 00 00 00 00 01 00 00 00 01 00
King Burger            | 82 00 00 00 04 00 00 00 01 00 52 03 00 00 00 00 00 00 00 00 00 00 00 00 00 00 00 00 00 00 00 00 00 00 00 00 00 00 00 00 00 00 00 00 00 00 00 00 00 00 00 00 00 00 00 00 00 00 00 00 00 00 00 00 03 00 00 00 00 00 00 00 01 00 00 00 00 00 18 01 18 01 00 00 00 00 00 00 02 00 00 00 46 01 00 00 1C 00 00 00 00 00 01 00 00 00 01 00
Beefsteak              | 83 00 00 00 04 00 00 00 01 00 E8 03 00 00 00 00 00 00 00 00 00 00 00 00 00 00 00 00 00 00 00 00 00 00 00 00 00 00 00 00 00 00 00 00 00 00 00 00 00 00 00 00 00 00 00 00 00 00 00 00 00 00 00 00 03 00 00 00 00 00 00 00 01 00 00 00 00 00 2C 01 2C 01 00 00 00 00 00 00 02 00 00 00 46 01 00 00 1C 00 00 00 00 00 01 00 00 00 01 00
Rich Kid Stew          | 84 00 00 00 04 00 00 00 01 00 F4 01 00 00 00 00 00 00 00 00 00 00 00 00 00 00 00 00 00 00 00 00 00 00 00 00 00 00 00 00 00 00 00 00 00 00 00 00 00 00 00 00 00 00 00 00 00 00 00 00 00 00 00 00 03 00 00 00 00 00 00 00 01 00 00 00 00 00 96 00 96 00 00 00 00 00 00 00 02 00 00 00 48 01 00 00 1B 00 00 00 00 00 01 00 00 00 01 00
Rich Parfait           | 85 00 00 00 04 00 00 00 01 00 8A 02 00 00 00 00 00 00 00 00 00 00 00 00 00 00 00 00 00 00 00 00 00 00 00 00 00 00 00 00 00 00 00 00 00 00 00 00 00 00 00 00 00 00 00 00 00 00 00 00 00 00 00 00 03 00 00 00 00 00 00 00 01 00 00 00 00 00 AA 00 AA 00 00 00 00 00 00 00 02 00 00 00 46 01 00 00 1C 00 00 00 00 00 01 00 00 00 01 00
Hot Dog Sushi          | 86 00 00 00 04 00 00 00 01 00 64 00 00 00 00 00 00 00 00 00 00 00 00 00 00 00 00 00 00 00 00 00 00 00 00 00 00 00 00 00 00 00 00 00 00 00 00 00 00 00 00 00 00 00 00 00 00 00 00 00 00 00 00 00 03 00 00 00 00 00 00 00 01 00 00 00 00 00 78 00 78 00 00 00 00 00 00 00 02 00 00 00 46 01 00 00 1B 00 00 00 00 00 01 00 00 00 01 00
Magic Gelatin          | 87 00 00 00 04 00 00 00 01 00 4B 00 00 00 00 00 00 00 00 00 00 00 00 00 00 00 00 00 00 00 00 00 00 00 00 00 00 00 00 00 00 00 00 00 00 00 00 00 00 00 00 00 00 00 00 00 00 00 00 00 00 00 00 00 05 00 00 00 00 00 00 00 01 00 00 00 00 00 14 00 14 00 00 00 00 00 00 00 02 00 00 00 46 01 00 00 2D 00 00 00 00 00 01 00 00 00 01 00
Magic Tart             | 88 00 00 00 04 00 00 00 01 00 96 00 00 00 00 00 00 00 00 00 00 00 00 00 00 00 00 00 00 00 00 00 00 00 00 00 00 00 00 00 00 00 00 00 00 00 00 00 00 00 00 00 00 00 00 00 00 00 00 00 00 00 00 00 05 00 00 00 00 00 00 00 01 00 00 00 00 00 1E 00 1E 00 00 00 00 00 00 00 02 00 00 00 46 01 00 00 2D 00 00 00 00 00 01 00 00 00 01 00
Magic Pudding          | 89 00 00 00 04 00 00 00 01 00 2C 01 00 00 00 00 00 00 00 00 00 00 00 00 00 00 00 00 00 00 00 00 00 00 00 00 00 00 00 00 00 00 00 00 00 00 00 00 00 00 00 00 00 00 00 00 00 00 00 00 00 00 00 00 05 00 00 00 00 00 00 00 01 00 00 00 00 00 28 00 28 00 00 00 00 00 00 00 02 00 00 00 46 01 00 00 2F 00 00 00 00 00 01 00 00 00 01 00
Magic Cake             | 8A 00 00 00 04 00 00 00 01 00 58 02 00 00 00 00 00 00 00 00 00 00 00 00 00 00 00 00 00 00 00 00 00 00 00 00 00 00 00 00 00 00 00 00 00 00 00 00 00 00 00 00 00 00 00 00 00 00 00 00 00 00 00 00 05 00 00 00 00 00 00 00 01 00 00 00 00 00 32 00 32 00 00 00 00 00 00 00 02 00 00 00 46 01 00 00 2F 00 00 00 00 00 01 00 00 00 01 00
Antidote               | 8B 00 00 00 05 00 00 00 01 00 04 00 00 00 00 00 00 00 00 00 00 00 00 00 00 00 00 00 00 00 00 00 00 00 00 00 00 00 00 00 00 00 00 00 00 00 00 00 00 00 00 00 00 00 00 00 00 00 00 00 00 00 00 00 06 00 00 00 00 00 00 00 01 00 00 00 00 00 00 00 00 00 01 64 00 00 00 00 02 00 00 00 42 01 00 00 1E 00 00 00 00 00 01 00 00 00 01 00
Anti-Paralysis         | 8C 00 00 00 05 00 00 00 01 00 07 00 00 00 00 00 00 00 00 00 00 00 00 00 00 00 00 00 00 00 00 00 00 00 00 00 00 00 00 00 00 00 00 00 00 00 00 00 00 00 00 00 00 00 00 00 00 00 00 00 00 00 00 00 06 00 00 00 00 00 00 00 01 00 00 00 00 00 00 00 00 00 02 64 00 00 00 00 02 00 00 00 42 01 00 00 1E 00 00 00 00 00 01 00 00 00 01 00
Alarm Cicada           | 8D 00 00 00 05 00 00 00 01 00 09 00 00 00 00 00 00 00 00 00 00 00 00 00 00 00 00 00 00 00 00 00 00 00 00 00 00 00 00 00 00 00 00 00 00 00 00 00 00 00 00 00 00 00 00 00 00 00 00 00 00 00 00 00 06 00 00 00 00 00 00 00 01 00 00 00 00 00 00 00 00 00 03 64 00 00 00 00 02 00 00 00 42 01 00 00 1E 00 00 00 00 00 01 00 00 00 01 00
Fresh Mint             | 8E 00 00 00 05 00 00 00 01 00 08 00 00 00 00 00 00 00 00 00 00 00 00 00 00 00 00 00 00 00 00 00 00 00 00 00 00 00 00 00 00 00 00 00 00 00 00 00 00 00 00 00 00 00 00 00 00 00 00 00 00 00 00 00 06 00 00 00 00 00 00 00 01 00 00 00 00 00 00 00 00 00 07 64 00 00 00 00 02 00 00 00 42 01 00 00 1E 00 00 00 00 00 01 00 00 00 01 00
Paper Fan              | 8F 00 00 00 05 00 00 00 01 00 06 00 00 00 00 00 00 00 00 00 00 00 00 00 00 00 00 00 00 00 00 00 00 00 00 00 00 00 00 00 00 00 00 00 00 00 00 00 00 00 00 00 00 00 00 00 00 00 00 00 00 00 00 00 06 00 00 00 00 00 00 00 01 00 00 00 00 00 00 00 00 00 04 64 00 00 00 00 02 00 00 00 42 01 00 00 1E 00 00 00 00 00 01 00 00 00 01 00
Recollection Bell      | 90 00 00 00 05 00 00 00 01 00 0A 00 00 00 00 00 00 00 00 00 00 00 00 00 00 00 00 00 00 00 00 00 00 00 00 00 00 00 00 00 00 00 00 00 00 00 00 00 00 00 00 00 00 00 00 00 00 00 00 00 00 00 00 00 06 00 00 00 00 00 00 00 01 00 00 00 00 00 00 00 00 00 06 64 00 00 00 00 02 00 00 00 42 01 00 00 1E 00 00 00 00 00 01 00 00 00 01 00
Eye Drops              | 91 00 00 00 05 00 00 00 01 00 05 00 00 00 00 00 00 00 00 00 00 00 00 00 00 00 00 00 00 00 00 00 00 00 00 00 00 00 00 00 00 00 00 00 00 00 00 00 00 00 00 00 00 00 00 00 00 00 00 00 00 00 00 00 06 00 00 00 00 00 00 00 01 00 00 00 00 00 00 00 00 00 05 64 00 00 00 00 02 00 00 00 42 01 00 00 1E 00 00 00 00 00 01 00 00 00 01 00
Flea Powder            | 92 00 00 00 05 00 00 00 01 00 0F 00 00 00 00 00 00 00 00 00 00 00 00 00 00 00 00 00 00 00 00 00 00 00 00 00 00 00 00 00 00 00 00 00 00 00 00 00 00 00 00 00 00 00 00 00 00 00 00 00 00 00 00 00 06 00 00 00 00 00 00 00 01 00 00 00 00 00 00 00 00 00 08 64 00 00 00 00 02 00 00 00 42 01 00 00 1E 00 00 00 00 00 01 00 00 00 01 00
Secret Herb            | 93 00 00 00 05 00 00 00 01 00 2C 01 00 00 00 00 00 00 00 00 00 00 00 00 00 00 00 00 00 00 00 00 00 00 00 00 00 00 00 00 00 00 00 00 00 00 00 00 00 00 00 00 00 00 00 00 00 00 00 00 00 00 00 00 06 00 00 00 00 00 00 00 02 00 00 00 00 00 00 00 00 00 00 00 00 00 00 00 02 00 00 00 42 01 00 00 1F 00 00 00 00 00 00 00 00 00 01 00
Cup of Lifenoodles     | 94 00 00 00 05 00 00 00 01 00 7A 03 00 00 00 00 00 00 00 00 00 00 00 00 00 00 00 00 00 00 00 00 00 00 00 00 00 00 00 00 00 00 00 00 00 00 00 00 00 00 00 00 00 00 00 00 00 00 00 00 00 00 00 00 06 00 00 00 00 00 00 00 02 00 00 00 00 00 00 00 00 00 00 64 00 00 00 00 02 00 00 00 42 01 00 00 20 00 00 00 00 00 00 00 00 00 01 00
Hot Spring Egg         | 95 00 00 00 04 00 00 00 01 00 1E 00 00 00 00 00 00 00 00 00 00 00 00 00 00 00 00 00 00 00 00 00 00 00 00 00 00 00 00 00 00 00 00 00 00 00 00 00 00 00 00 00 00 00 00 00 00 00 00 00 00 00 00 00 03 00 00 00 00 00 00 00 01 00 00 00 00 00 64 00 64 00 00 00 00 00 00 00 02 00 00 00 46 01 00 00 1B 00 00 00 00 00 01 00 00 00 01 00
Thunder Bomb           | 96 00 00 00 06 00 00 00 01 00 19 00 00 00 00 00 00 00 00 00 00 00 00 00 00 00 00 00 00 00 00 00 00 00 00 00 00 00 00 00 00 00 00 00 00 00 00 00 00 00 00 00 00 00 00 00 00 00 00 00 00 00 00 00 00 00 00 00 03 00 00 00 0E 00 00 00 00 00 55 00 5F 00 02 1E 01 00 00 00 02 00 00 00 4C 01 01 96 03 00 00 00 00 00 01 00 00 00 01 00
Running Bomb           | 97 00 00 00 06 00 00 00 01 00 32 00 00 00 00 00 00 00 00 00 00 00 00 00 00 00 00 00 00 00 00 00 00 00 00 00 00 00 00 00 00 00 00 00 00 00 00 00 00 00 00 00 00 00 00 00 00 00 00 00 00 00 00 00 00 00 00 00 04 00 00 00 0E 00 00 00 00 00 64 00 78 00 00 00 00 00 00 00 02 00 00 00 4C 01 01 97 03 00 00 00 00 00 01 00 00 00 01 00
Sprinting Bomb         | 98 00 00 00 06 00 00 00 01 00 64 00 00 00 00 00 00 00 00 00 00 00 00 00 00 00 00 00 00 00 00 00 00 00 00 00 00 00 00 00 00 00 00 00 00 00 00 00 00 00 00 00 00 00 00 00 00 00 00 00 00 00 00 00 00 00 00 00 04 00 00 00 0E 00 00 00 00 00 8C 00 A0 00 00 00 00 00 00 00 02 00 00 00 4C 01 01 98 03 00 00 00 00 00 01 00 00 00 01 00
Pencil Rocket          | 99 00 00 00 06 00 00 00 01 00 FA 00 00 00 00 00 00 00 00 00 00 00 00 00 00 00 00 00 00 00 00 00 00 00 00 00 00 00 00 00 00 00 00 00 00 00 00 00 00 00 00 00 00 00 00 00 00 00 00 00 00 00 00 00 00 00 00 00 04 00 00 00 0E 00 00 00 00 00 E8 00 F6 00 00 00 00 00 00 00 02 00 00 00 4E 01 01 99 03 00 00 00 00 00 01 00 00 00 01 00
Bomb                   | 9A 00 00 00 06 00 00 00 01 00 F4 01 00 00 00 00 00 00 00 00 00 00 00 00 00 00 00 00 00 00 00 00 00 00 00 00 00 00 00 00 00 00 00 00 00 00 00 00 00 00 00 00 00 00 00 00 00 00 00 00 00 00 00 00 00 00 00 00 04 00 00 00 0E 00 00 00 00 00 40 01 5E 01 00 00 00 00 00 00 02 00 00 00 4C 01 01 9A 03 00 00 00 00 00 01 00 00 00 01 00
Super Bomb             | 9B 00 00 00 06 00 00 00 01 00 E8 03 00 00 00 00 00 00 00 00 00 00 00 00 00 00 00 00 00 00 00 00 00 00 00 00 00 00 00 00 00 00 00 00 00 00 00 00 00 00 00 00 00 00 00 00 00 00 00 00 00 00 00 00 00 00 00 00 04 00 00 00 0E 00 00 00 00 00 C2 01 E0 01 00 00 00 00 00 00 02 00 00 00 4C 01 01 9B 03 00 00 00 00 00 01 00 00 00 01 00
New Year's Eve Bomb    | 9C 00 00 00 06 00 00 00 01 00 DC 05 00 00 00 00 00 00 00 00 00 00 00 00 00 00 00 00 00 00 00 00 00 00 00 00 00 00 00 00 00 00 00 00 00 00 00 00 00 00 00 00 00 00 00 00 00 00 00 00 00 00 00 00 00 00 00 00 04 00 00 00 0E 00 00 00 00 00 00 00 00 00 00 00 00 00 00 00 02 00 00 00 4C 01 01 9C 03 00 00 00 00 00 01 00 00 00 01 00
Honey Shower           | 9D 00 00 00 06 00 00 00 01 00 96 00 00 00 00 00 00 00 00 00 00 00 00 00 00 00 00 00 00 00 00 00 00 00 00 00 00 00 00 00 00 00 00 00 00 00 00 00 00 00 00 00 00 00 00 00 00 00 00 00 00 00 00 00 00 00 00 00 00 00 00 00 0D 00 00 00 00 00 00 00 00 00 00 00 00 00 00 00 02 00 00 00 50 01 01 9D 00 00 00 00 00 00 01 00 00 00 01 00
Ancient Banana         | 9E 00 00 00 06 00 00 00 01 00 05 00 00 00 00 00 00 00 00 00 00 00 00 00 00 00 00 00 00 00 00 00 00 00 00 00 00 00 00 00 00 00 00 00 00 00 00 00 00 00 00 00 00 00 00 00 00 00 00 00 00 00 00 00 00 00 00 00 00 00 00 00 0D 00 00 00 00 00 2F 00 36 00 00 00 00 00 00 00 02 00 00 00 4C 01 01 A5 03 00 00 00 00 00 01 00 00 00 01 00
Doorknob               | 9F 00 00 00 06 00 00 00 01 00 00 00 00 00 00 00 00 00 00 00 00 00 00 00 00 00 00 00 00 00 00 00 00 00 00 00 00 00 00 00 00 00 00 00 00 00 00 00 00 00 00 00 00 00 00 00 00 00 00 00 00 00 00 00 00 00 00 00 00 00 00 00 0D 00 00 00 00 00 00 00 00 00 00 00 00 00 00 00 02 00 00 00 46 01 00 00 00 00 00 00 00 00 00 00 00 00 01 00
Bug Spray              | A0 00 00 00 06 00 00 00 01 00 32 00 00 00 00 00 00 00 00 00 00 00 00 00 00 00 00 00 00 00 00 00 00 00 00 00 00 00 00 00 00 00 00 00 00 00 00 00 00 00 00 00 00 00 00 00 00 00 00 00 00 00 00 00 00 00 00 00 00 00 00 00 0D 00 00 00 00 00 34 01 5C 01 00 00 00 00 00 00 02 00 00 00 50 01 01 9F 03 00 00 00 00 00 01 00 00 00 01 00
Saltwater Gun          | A1 00 00 00 06 00 00 00 01 00 C8 00 00 00 00 00 00 00 00 00 00 00 00 00 00 00 00 00 00 00 00 00 00 00 00 00 00 00 00 00 00 00 00 00 00 00 00 00 00 00 00 00 00 00 00 00 00 00 00 00 00 00 00 00 00 00 00 00 00 00 00 00 0D 00 00 00 00 00 06 01 1E 01 00 00 00 00 00 00 02 00 00 00 42 01 01 A0 03 00 00 00 00 00 01 00 00 00 01 00
Offense Spray          | A2 00 00 00 07 00 00 00 01 00 F4 01 00 00 00 00 00 00 00 00 00 00 00 00 00 00 00 00 00 00 00 00 00 00 00 00 00 00 00 00 00 00 00 00 00 00 00 00 00 00 00 00 00 00 00 00 00 00 00 00 00 00 00 00 06 00 00 00 00 00 00 00 01 00 00 00 00 00 00 00 00 00 1C 64 01 00 00 00 02 00 00 00 42 01 00 00 00 00 00 00 00 00 01 00 00 00 01 00
Defense Spray          | A3 00 00 00 07 00 00 00 01 00 F4 01 00 00 00 00 00 00 00 00 00 00 00 00 00 00 00 00 00 00 00 00 00 00 00 00 00 00 00 00 00 00 00 00 00 00 00 00 00 00 00 00 00 00 00 00 00 00 00 00 00 00 00 00 06 00 00 00 00 00 00 00 01 00 00 00 00 00 00 00 00 00 1E 64 01 00 00 00 02 00 00 00 42 01 00 00 00 00 00 00 00 00 01 00 00 00 01 00
Enemy Bufferizer       | A4 00 00 00 07 00 00 00 01 00 90 01 00 00 00 00 00 00 00 00 00 00 00 00 00 00 00 00 00 00 00 00 00 00 00 00 00 00 00 00 00 00 00 00 00 00 00 00 00 00 00 00 00 00 00 00 00 00 00 00 00 00 00 00 06 00 00 00 00 00 00 00 0D 00 00 00 00 00 00 00 00 00 24 64 01 00 00 00 02 00 00 00 42 01 01 00 00 00 00 00 00 00 01 00 00 00 01 00
Enemy Wimperizer       | A5 00 00 00 07 00 00 00 01 00 58 02 00 00 00 00 00 00 00 00 00 00 00 00 00 00 00 00 00 00 00 00 00 00 00 00 00 00 00 00 00 00 00 00 00 00 00 00 00 00 00 00 00 00 00 00 00 00 00 00 00 00 00 00 06 00 00 00 00 00 00 00 0D 00 00 00 00 00 00 00 00 00 25 64 01 00 00 00 02 00 00 00 42 01 01 00 00 00 00 00 00 00 01 00 00 00 01 00
Attack Attractor       | A6 00 00 00 07 00 00 00 01 00 C8 00 00 00 00 00 00 00 00 00 00 00 00 00 00 00 00 00 00 00 00 00 00 00 00 00 00 00 00 00 00 00 00 00 00 00 00 00 00 00 00 00 00 00 00 00 00 00 00 00 00 00 00 00 06 00 00 00 00 00 00 00 0D 00 00 00 00 00 00 00 00 00 0B 64 01 00 00 00 02 00 00 00 42 01 01 73 00 00 00 00 00 00 01 00 00 00 01 00
Made-You-Look          | A7 00 00 00 07 00 00 00 01 00 19 00 00 00 00 00 00 00 00 00 00 00 00 00 00 00 00 00 00 00 00 00 00 00 00 00 00 00 00 00 00 00 00 00 00 00 00 00 00 00 00 00 00 00 00 00 00 00 00 00 00 00 00 00 08 00 00 00 00 00 00 00 0D 00 00 00 00 00 00 00 00 00 00 00 00 00 00 00 02 00 00 00 42 01 00 00 00 00 00 00 00 00 01 00 00 00 01 00
Dragonfly              | A8 00 00 00 07 00 00 00 01 00 46 00 00 00 00 00 00 00 00 00 00 00 00 00 00 00 00 00 00 00 00 00 00 00 00 00 00 00 00 00 00 00 00 00 00 00 00 00 00 00 00 00 00 00 00 00 00 00 00 00 00 00 00 00 08 00 00 00 00 00 00 00 00 00 00 00 00 00 00 00 00 00 00 00 00 00 00 00 02 00 00 00 6A 01 00 00 00 00 00 00 00 00 01 00 00 00 01 00
Silver Dragonfly       | A9 00 00 00 07 00 00 00 01 00 1E 00 00 00 00 00 00 00 00 00 00 00 00 00 00 00 00 00 00 00 00 00 00 00 00 00 00 00 00 00 00 00 00 00 00 00 00 00 00 00 00 00 00 00 00 00 00 00 00 00 00 00 00 00 08 00 00 00 00 00 00 00 00 00 00 00 00 00 00 00 00 00 00 00 00 00 00 00 02 00 00 00 6C 01 00 00 00 00 00 00 00 00 01 00 00 00 01 00
Chick                  | AA 00 00 00 07 00 00 00 01 00 32 00 00 00 00 00 00 00 00 00 00 00 00 00 00 00 00 00 00 00 00 00 00 00 00 00 00 00 00 00 00 00 00 00 00 00 00 00 00 00 00 00 00 00 00 00 00 00 00 00 00 00 00 00 08 00 00 00 00 00 00 00 00 00 00 00 00 00 00 00 00 00 00 00 00 00 00 00 02 00 00 00 6E 01 00 00 00 00 00 00 00 00 01 00 00 00 01 00
Chicken                | AB 00 00 00 07 00 00 00 01 00 C8 00 00 00 00 00 00 00 00 00 00 00 00 00 00 00 00 00 00 00 00 00 00 00 00 00 00 00 00 00 00 00 00 00 00 00 00 00 00 00 00 00 00 00 00 00 00 00 00 00 00 00 00 00 08 00 00 00 00 00 00 00 00 00 00 00 00 00 00 00 00 00 00 00 00 00 00 00 02 00 00 00 70 01 00 00 00 00 00 00 00 00 01 00 00 00 01 00
Pickled Veggie Plate   | AC 00 00 00 04 00 00 00 01 00 05 00 00 00 00 00 00 00 00 00 00 00 00 00 00 00 00 00 00 00 00 00 00 00 00 00 00 00 00 00 00 00 00 00 00 00 00 00 00 00 00 00 00 00 00 00 00 00 00 00 00 00 00 00 03 00 00 00 00 00 00 00 01 00 00 00 00 00 0A 00 0A 00 00 00 00 00 00 00 02 00 00 00 46 01 00 00 1A 00 00 00 00 00 01 00 00 00 01 00
Meteotite              | AD 00 00 00 07 00 00 00 01 00 C4 09 00 00 00 00 00 00 00 00 00 00 00 00 00 00 00 00 00 00 00 00 00 00 00 00 00 00 00 00 00 00 00 00 00 00 00 00 00 00 00 00 00 00 00 00 00 00 00 00 00 00 00 00 08 00 00 00 00 00 00 00 00 00 00 00 00 00 00 00 00 00 00 00 00 00 00 00 02 00 00 00 44 01 00 00 00 00 00 00 00 00 01 00 00 00 00 00
Friend's Yo-Yo         | AE 00 00 00 00 00 00 00 01 00 E8 03 1C 00 00 00 00 00 00 00 00 00 00 00 1E 00 00 05 00 00 00 00 00 00 00 00 00 00 00 00 00 00 00 00 00 00 00 00 00 00 00 00 00 00 00 00 00 00 00 01 00 00 00 00 08 00 00 00 00 00 00 00 0D 00 00 00 00 00 00 00 00 00 00 00 00 00 00 00 02 00 00 00 60 01 00 00 00 00 00 00 00 00 01 00 00 00 00 00
Drago Fang             | AF 00 00 00 07 00 00 00 00 00 00 00 00 00 00 00 00 00 00 00 00 00 00 00 00 00 00 00 00 00 00 00 00 00 00 00 00 00 00 00 00 00 00 00 00 00 00 00 00 00 00 00 00 00 00 00 00 00 00 00 00 00 00 00 08 00 00 00 00 00 00 00 0D 00 00 00 00 00 00 00 00 00 00 00 00 00 00 00 02 00 00 00 40 01 00 00 00 00 00 00 00 00 01 00 00 00 00 00
Dung                   | B0 00 00 00 07 00 00 00 01 00 00 00 00 00 00 00 00 00 00 00 00 00 00 00 00 00 00 00 00 00 00 00 00 00 00 00 00 00 00 00 00 00 00 00 00 00 00 00 00 00 00 00 00 00 00 00 00 00 00 00 00 00 00 00 08 00 00 00 00 00 00 00 00 00 00 00 00 00 00 00 00 00 00 00 00 00 00 00 02 00 00 00 74 01 00 00 00 00 00 00 00 00 01 00 00 00 00 00
Dolphin Ossicle        | B1 00 00 00 07 00 00 00 01 00 05 00 00 00 00 00 00 00 00 00 00 00 00 00 00 00 00 00 00 00 00 00 00 00 00 00 00 00 00 00 00 00 00 00 00 00 00 00 00 00 00 00 00 00 00 00 00 00 00 00 00 00 00 00 08 00 00 00 00 00 00 00 00 00 00 00 00 00 00 00 00 00 00 00 00 00 00 00 02 00 00 00 44 01 00 00 00 00 00 00 00 00 01 00 00 00 00 00
Spiky Weapon           | B2 00 00 00 00 00 00 00 01 00 54 06 1C 00 00 00 00 00 00 00 00 00 00 00 2F 00 00 00 00 00 00 00 00 00 00 00 00 00 00 00 00 00 00 00 00 00 00 00 00 00 00 00 00 00 00 00 00 00 00 01 00 00 00 00 08 00 00 00 00 00 00 00 00 00 00 00 00 00 00 00 00 00 00 00 00 00 00 00 02 00 00 00 44 01 00 00 00 00 00 00 00 00 01 00 00 00 00 00
Knit Sweater           | B3 00 00 00 01 00 00 00 01 00 1E 00 1E 00 00 00 00 00 00 00 00 00 00 00 00 08 00 00 00 00 00 00 00 00 00 00 00 00 00 00 00 00 00 00 00 00 00 00 00 00 EC FF 00 00 00 00 EC 00 00 00 00 00 00 00 08 00 00 00 00 00 00 00 00 00 00 00 00 00 00 00 00 00 00 00 00 00 00 00 02 00 00 00 44 01 00 00 00 00 00 00 00 00 01 00 00 00 00 00
DCMC Boxers            | B4 00 00 00 01 00 00 00 01 00 96 00 08 00 00 00 00 00 00 00 00 00 00 00 00 07 00 05 00 00 00 00 00 00 00 00 00 00 00 00 00 00 00 00 00 00 00 00 00 00 00 00 00 00 00 00 00 00 00 00 00 00 00 00 06 00 00 00 00 00 00 00 0D 00 00 00 00 00 00 00 00 00 0C 64 01 00 00 00 02 00 00 00 64 01 00 00 00 00 00 00 00 00 01 00 00 00 00 00
Magic Pendant          | B5 00 00 00 01 00 00 00 01 00 64 00 10 00 00 00 00 00 00 00 05 00 00 00 00 03 00 00 00 00 00 00 00 00 00 00 00 00 00 00 00 00 00 00 00 00 00 00 00 00 00 00 00 00 00 00 00 00 00 00 00 00 00 00 08 00 00 00 00 00 00 00 00 00 00 00 00 00 00 00 00 00 00 00 00 00 00 00 02 00 00 00 44 01 00 00 00 00 00 00 00 00 01 00 00 00 00 00
Encouraging Words      | B6 00 00 00 08 00 00 00 00 00 00 00 00 00 00 00 00 00 00 00 00 00 00 00 00 00 00 00 00 00 00 00 00 00 00 00 00 00 00 00 00 00 00 00 00 00 00 00 00 00 00 00 00 00 00 00 00 00 00 00 00 00 00 00 08 00 00 00 00 00 00 00 00 00 00 00 00 00 00 00 00 00 00 00 00 00 00 00 02 00 00 00 44 01 00 00 00 00 00 00 00 00 01 00 00 00 00 00
Baked Yam              | B7 00 00 00 04 00 00 00 01 00 32 00 00 00 00 00 00 00 00 00 00 00 00 00 00 00 00 00 00 00 00 00 00 00 00 00 00 00 00 00 00 00 00 00 00 00 00 00 00 00 00 00 00 00 00 00 00 00 00 00 00 00 00 00 03 00 00 00 00 00 00 00 01 00 00 00 00 00 28 00 28 00 00 00 00 00 00 00 02 00 00 00 46 01 00 00 1A 00 00 00 00 00 01 00 00 00 01 00
Mole Cricket Brother   | B8 00 00 00 07 00 00 00 00 00 00 00 00 00 00 00 00 00 00 00 00 00 00 00 00 00 00 00 00 00 00 00 00 00 00 00 00 00 00 00 00 00 00 00 00 00 00 00 00 00 00 00 00 00 00 00 00 00 00 00 00 00 00 00 08 00 00 00 00 00 00 00 00 00 00 00 00 00 00 00 00 00 00 00 00 00 00 00 02 00 00 00 44 01 00 00 00 00 00 00 00 00 01 00 00 00 00 00
Hermit Crab Shell      | B9 00 00 00 07 00 00 00 01 00 2C 01 00 00 00 00 00 00 00 00 00 00 00 00 00 00 00 00 00 00 00 00 00 00 00 00 00 00 00 00 00 00 00 00 00 00 00 00 00 00 00 00 00 00 00 00 00 00 00 00 00 00 00 00 08 00 00 00 00 00 00 00 00 00 00 00 00 00 00 00 00 00 00 00 00 00 00 00 02 00 00 00 44 01 00 00 00 00 00 00 00 00 01 00 00 00 00 00
Suspicious Tea         | BA 00 00 00 06 00 00 00 01 00 0A 00 00 00 00 00 00 00 00 00 00 00 00 00 00 00 00 00 00 00 00 00 00 00 00 00 00 00 00 00 00 00 00 00 00 00 00 00 00 00 00 00 00 00 00 00 00 00 00 00 00 00 00 00 00 00 00 00 00 00 00 00 0D 00 00 00 00 00 4B 00 55 00 00 00 00 00 00 00 02 00 00 00 5A 01 01 A0 03 00 00 00 00 00 00 00 00 00 00 00
Flame Pendant          | BB 00 00 00 01 00 00 00 01 00 EE 02 3C 00 00 00 00 00 00 00 00 00 00 00 00 0F 00 00 00 00 00 00 00 00 00 00 00 00 00 00 00 00 00 00 00 00 00 00 00 00 00 00 00 00 00 CE 00 00 00 00 00 00 00 00 08 00 00 00 00 00 00 00 00 00 00 00 00 00 00 00 00 00 00 00 00 00 00 00 02 00 00 00 44 01 00 00 00 00 00 00 00 00 01 00 00 00 00 00
Ice Pendant            | BC 00 00 00 01 00 00 00 01 00 EE 02 3C 00 00 00 00 00 00 00 00 00 00 00 00 0F 00 00 00 00 00 00 00 00 00 00 00 00 00 00 00 00 00 00 00 00 00 00 00 00 00 00 00 00 00 00 CE 00 00 00 00 00 00 00 08 00 00 00 00 00 00 00 00 00 00 00 00 00 00 00 00 00 00 00 00 00 00 00 02 00 00 00 44 01 00 00 00 00 00 00 00 00 01 00 00 00 00 00
Thunder Pendant        | BD 00 00 00 01 00 00 00 01 00 EE 02 3C 00 00 00 00 00 00 00 00 00 00 00 00 0F 00 00 00 00 00 00 00 00 00 00 00 00 00 00 00 00 00 00 00 00 00 00 00 00 00 00 00 00 00 00 00 CE 00 00 00 00 00 00 08 00 00 00 00 00 00 00 00 00 00 00 00 00 00 00 00 00 00 00 00 00 00 00 02 00 00 00 44 01 00 00 00 00 00 00 00 00 01 00 00 00 00 00
Courage Badge          | BE 00 00 00 08 00 00 00 00 00 01 00 00 00 00 00 00 00 00 00 00 00 00 00 00 00 00 00 00 00 00 00 00 00 00 00 00 00 00 00 00 00 00 00 00 00 00 00 00 00 00 00 00 00 00 00 00 00 00 00 00 00 00 00 08 00 00 00 00 00 00 00 00 00 00 00 00 00 00 00 00 00 00 00 00 00 00 00 02 00 00 00 44 01 00 00 00 00 00 00 00 00 01 00 00 00 00 00
Souvenir Dress         | BF 00 00 00 01 00 00 00 01 00 BC 02 10 00 00 00 00 00 00 00 00 00 00 00 00 0D 00 00 00 00 00 00 00 00 00 00 00 00 00 00 00 00 00 00 00 00 00 00 00 00 00 00 00 00 00 00 00 00 00 00 00 00 00 00 08 00 00 00 00 00 00 00 00 00 00 00 00 00 00 00 00 00 00 00 00 00 00 00 02 00 00 00 44 01 00 00 00 00 00 00 00 00 01 00 00 00 00 00
Pencil Eraser          | C0 00 00 00 08 00 00 00 00 00 00 00 00 00 00 00 00 00 00 00 00 00 00 00 00 00 00 00 00 00 00 00 00 00 00 00 00 00 00 00 00 00 00 00 00 00 00 00 00 00 00 00 00 00 00 00 00 00 00 00 00 00 00 00 08 00 00 00 00 00 00 00 00 00 00 00 00 00 00 00 00 00 00 00 00 00 00 00 02 00 00 00 44 01 00 00 00 00 00 00 00 00 01 00 00 00 01 00
Franklin Badge         | C1 00 00 00 08 00 00 00 00 00 00 00 00 00 00 00 00 00 00 00 00 00 00 00 00 00 00 00 00 00 00 00 00 00 00 00 00 00 00 00 00 00 00 00 00 00 00 00 00 00 00 00 00 00 00 00 00 00 00 00 00 00 00 00 08 00 00 00 00 00 00 00 00 00 00 00 00 00 00 00 00 00 00 00 00 00 00 00 02 00 00 00 44 01 00 00 00 00 00 00 00 00 01 00 00 00 00 00
Kid's Shirt            | C2 00 00 00 01 00 00 00 01 00 32 00 1E 00 00 00 00 00 00 00 00 00 00 00 00 07 00 00 00 00 00 00 00 00 00 00 00 00 00 00 00 00 00 00 00 00 00 00 00 00 00 00 00 00 00 00 00 00 00 00 00 00 00 00 08 00 00 00 00 00 00 00 00 00 00 00 00 00 00 00 00 00 00 00 00 00 00 00 02 00 00 00 44 01 00 00 00 00 00 00 00 00 01 00 00 00 00 00
Good Kid's Shirt       | C3 00 00 00 01 00 00 00 01 00 E8 03 04 00 00 00 00 00 00 00 00 00 00 00 00 11 0A 00 00 00 00 00 00 00 00 00 00 00 00 00 00 00 00 00 00 00 00 00 00 00 00 00 00 00 00 00 00 00 00 00 00 00 00 00 08 00 00 00 00 00 00 00 00 00 00 00 00 00 00 00 00 00 00 00 00 00 00 00 02 00 00 00 44 01 00 00 00 00 00 00 00 00 01 00 00 00 00 00
Kid's Hat              | C4 00 00 00 02 00 00 00 01 00 19 00 64 00 00 00 00 00 00 00 00 00 00 00 00 03 00 00 00 00 00 00 00 00 00 00 00 00 00 00 00 00 00 00 00 00 00 00 00 00 00 00 00 00 00 00 00 00 00 00 00 00 00 00 08 00 00 00 00 00 00 00 00 00 00 00 00 00 00 00 00 00 00 00 00 00 00 00 02 00 00 00 44 01 00 00 00 00 00 00 00 00 01 00 00 00 00 00
Jar of Yummy Pickles   | C5 00 00 00 08 00 00 00 00 00 00 00 00 00 00 00 00 00 00 00 00 00 00 00 00 00 00 00 00 00 00 00 00 00 00 00 00 00 00 00 00 00 00 00 00 00 00 00 00 00 00 00 00 00 00 00 00 00 00 00 00 00 00 00 08 00 00 00 00 00 00 00 00 00 00 00 00 00 00 00 00 00 00 00 00 00 00 00 02 00 00 00 40 01 00 00 00 00 00 00 00 00 01 00 00 00 00 00
Red Hat                | C6 00 00 00 02 00 00 00 01 00 E8 03 64 00 00 00 00 00 00 00 00 00 00 00 00 1E 00 00 00 00 00 00 00 00 00 00 00 00 00 00 00 00 00 00 00 00 00 00 00 00 00 00 00 00 00 00 00 00 00 00 00 00 00 00 08 00 00 00 00 00 00 00 00 00 00 00 00 00 00 00 00 00 00 00 00 00 00 00 02 00 00 00 44 01 00 00 00 00 00 00 00 00 01 00 00 00 00 00
White Ribbon           | C7 00 00 00 02 00 00 00 01 00 04 01 70 00 00 00 00 00 00 00 00 00 00 00 00 0C 00 00 00 00 00 00 00 00 00 00 00 00 00 00 00 00 00 00 00 00 00 00 00 00 00 00 00 00 00 00 00 00 00 00 00 00 00 00 08 00 00 00 00 00 00 00 00 00 00 00 00 00 00 00 00 00 00 00 00 00 00 00 02 00 00 00 44 01 00 00 00 00 00 00 00 00 01 00 00 00 00 00
Bird                   | C8 00 00 00 08 00 00 00 00 00 00 00 00 00 00 00 00 00 00 00 00 00 00 00 00 00 00 00 00 00 00 00 00 00 00 00 00 00 00 00 00 00 00 00 00 00 00 00 00 00 00 00 00 00 00 00 00 00 00 00 00 00 00 00 08 00 00 00 00 00 00 00 00 00 00 00 00 00 00 00 00 00 00 00 00 00 00 00 02 00 00 00 40 01 00 00 00 00 00 00 00 00 01 00 00 00 00 00
Memory Snake           | C9 00 00 00 09 00 00 00 00 00 00 00 00 00 00 00 00 00 00 00 00 00 00 00 00 00 00 00 00 00 00 00 00 00 00 00 00 00 00 00 00 00 00 00 00 00 00 00 00 00 00 00 00 00 00 00 00 00 00 00 00 00 00 00 00 00 00 00 00 00 00 00 00 00 00 00 00 00 00 00 00 00 00 00 00 00 00 00 02 00 00 00 40 01 00 00 00 00 00 00 00 00 01 00 00 00 01 00
Waters of Time         | CA 00 00 00 08 00 00 00 00 00 00 00 00 00 00 00 00 00 00 00 00 00 00 00 00 00 00 00 00 00 00 00 00 00 00 00 00 00 00 00 00 00 00 00 00 00 00 00 00 00 00 00 00 00 00 00 00 00 00 00 00 00 00 00 08 00 00 00 00 00 00 00 00 00 00 00 00 00 00 00 00 00 00 00 00 00 00 00 02 00 00 00 40 01 00 00 00 00 00 00 00 00 01 00 00 00 01 00
Stinkbug's Memory      | CB 00 00 00 08 00 00 00 00 00 00 00 00 00 00 00 00 00 00 00 00 00 00 00 00 00 00 00 00 00 00 00 00 00 00 00 00 00 00 00 00 00 00 00 00 00 00 00 00 00 00 00 00 00 00 00 00 00 00 00 00 00 00 00 08 00 00 00 00 00 00 00 00 00 00 00 00 00 00 00 00 00 00 00 00 00 00 00 02 00 00 00 40 01 00 00 00 00 00 00 00 00 01 00 00 00 00 00
Phrygia's Notebook     | CC 00 00 00 08 00 00 00 00 00 00 00 00 00 00 00 00 00 00 00 00 00 00 00 00 00 00 00 00 00 00 00 00 00 00 00 00 00 00 00 00 00 00 00 00 00 00 00 00 00 00 00 00 00 00 00 00 00 00 00 00 00 00 00 00 00 00 00 00 00 00 00 00 00 00 00 00 00 00 00 00 00 00 00 00 00 00 00 02 00 00 00 40 01 00 00 00 00 00 00 00 00 01 00 00 00 00 00
Shield Snatcher        | CD 00 00 00 07 00 00 00 00 00 00 00 00 00 00 00 00 00 00 00 00 00 00 00 00 00 00 00 00 00 00 00 00 00 00 00 00 00 00 00 00 00 00 00 00 00 00 00 00 00 00 00 00 00 00 00 00 00 00 00 00 00 00 00 06 00 00 00 00 00 00 00 0D 00 00 00 00 00 00 00 00 00 00 00 00 00 00 00 02 00 00 00 42 01 01 00 00 00 00 00 00 00 01 00 00 00 00 00
Test                   | CE 00 00 00 01 00 00 00 00 00 00 00 7E 00 00 00 00 00 00 00 00 00 00 00 00 00 00 00 00 00 00 00 9C FF 9C FF 9C FF 9C FF 9C FF 9C FF 9C FF 9C FF 9C FF 9C FF 9C FF 9C 9C 9C 9C 9C 00 00 00 00 00 08 00 00 00 00 00 00 00 00 00 00 00 00 00 00 00 00 00 00 00 00 00 00 00 02 00 00 00 40 01 01 00 00 00 00 00 00 00 01 00 00 00 01 00
EMPTY                  | CF 00 00 00 09 00 00 00 00 00 00 00 00 00 00 00 00 00 00 00 00 00 00 00 00 00 00 00 00 00 00 00 00 00 00 00 00 00 00 00 00 00 00 00 00 00 00 00 00 00 00 00 00 00 00 00 00 00 00 00 00 00 00 00 08 00 00 00 00 00 00 00 00 00 00 00 00 00 00 00 00 00 00 00 00 00 00 00 02 00 00 00 40 01 01 00 00 00 00 00 00 00 01 00 00 00 00 00
EMPTY                  | D0 00 00 00 09 00 00 00 00 00 00 00 00 00 00 00 00 00 00 00 00 00 00 00 00 00 00 00 00 00 00 00 00 00 00 00 00 00 00 00 00 00 00 00 00 00 00 00 00 00 00 00 00 00 00 00 00 00 00 00 00 00 00 00 08 00 00 00 00 00 00 00 00 00 00 00 00 00 00 00 00 00 00 00 00 00 00 00 02 00 00 00 40 01 00 00 00 00 00 00 00 00 01 00 00 00 00 00
EMPTY                  | D1 00 00 00 09 00 00 00 00 00 00 00 00 00 00 00 00 00 00 00 00 00 00 00 00 00 00 00 00 00 00 00 00 00 00 00 00 00 00 00 00 00 00 00 00 00 00 00 00 00 00 00 00 00 00 00 00 00 00 00 00 00 00 00 08 00 00 00 00 00 00 00 00 00 00 00 00 00 00 00 00 00 00 00 00 00 00 00 02 00 00 00 40 01 00 00 00 00 00 00 00 00 01 00 00 00 00 00
Trivia Card 1          | D2 00 00 00 07 00 00 00 00 00 00 00 00 00 00 00 00 00 00 00 00 00 00 00 00 00 00 00 00 00 00 00 00 00 00 00 00 00 00 00 00 00 00 00 00 00 00 00 00 00 00 00 00 00 00 00 00 00 00 00 00 00 00 00 08 00 00 00 00 00 00 00 0D 00 00 00 00 00 00 00 00 00 00 00 00 00 00 00 02 00 00 00 96 01 00 00 00 00 00 00 00 00 01 00 00 00 00 00
Trivia Card 2          | D3 00 00 00 07 00 00 00 00 00 00 00 00 00 00 00 00 00 00 00 00 00 00 00 00 00 00 00 00 00 00 00 00 00 00 00 00 00 00 00 00 00 00 00 00 00 00 00 00 00 00 00 00 00 00 00 00 00 00 00 00 00 00 00 08 00 00 00 00 00 00 00 0D 00 00 00 00 00 00 00 00 00 00 00 00 00 00 00 02 00 00 00 96 01 00 00 00 00 00 00 00 00 01 00 00 00 00 00
Trivia Card 3          | D4 00 00 00 07 00 00 00 00 00 00 00 00 00 00 00 00 00 00 00 00 00 00 00 00 00 00 00 00 00 00 00 00 00 00 00 00 00 00 00 00 00 00 00 00 00 00 00 00 00 00 00 00 00 00 00 00 00 00 00 00 00 00 00 08 00 00 00 00 00 00 00 0D 00 00 00 00 00 00 00 00 00 00 00 00 00 00 00 02 00 00 00 96 01 00 00 00 00 00 00 00 00 01 00 00 00 00 00
Trivia Card 4          | D5 00 00 00 07 00 00 00 00 00 00 00 00 00 00 00 00 00 00 00 00 00 00 00 00 00 00 00 00 00 00 00 00 00 00 00 00 00 00 00 00 00 00 00 00 00 00 00 00 00 00 00 00 00 00 00 00 00 00 00 00 00 00 00 08 00 00 00 00 00 00 00 0D 00 00 00 00 00 00 00 00 00 00 00 00 00 00 00 02 00 00 00 96 01 00 00 00 00 00 00 00 00 01 00 00 00 00 00
Wall Staples           | D6 00 00 00 08 00 00 00 00 00 00 00 00 00 00 00 00 00 00 00 00 00 00 00 00 00 00 00 00 00 00 00 00 00 00 00 00 00 00 00 00 00 00 00 00 00 00 00 00 00 00 00 00 00 00 00 00 00 00 00 00 00 00 00 08 00 00 00 00 00 00 00 0D 00 00 00 00 00 00 00 00 00 00 00 00 00 00 00 02 00 00 00 42 01 00 00 00 00 00 00 00 00 01 00 00 00 00 00
Siren Beetle           | D7 00 00 00 08 00 00 00 00 00 00 00 00 00 00 00 00 00 00 00 00 00 00 00 00 00 00 00 00 00 00 00 00 00 00 00 00 00 00 00 00 00 00 00 00 00 00 00 00 00 00 00 00 00 00 00 00 00 00 00 00 00 00 00 08 00 00 00 00 00 00 00 0D 00 00 00 00 00 00 00 00 00 00 00 00 00 00 00 02 00 00 00 42 01 00 00 00 00 00 00 00 00 01 00 00 00 00 00
Smoke Bomb             | D8 00 00 00 08 00 00 00 00 00 00 00 00 00 00 00 00 00 00 00 00 00 00 00 00 00 00 00 00 00 00 00 00 00 00 00 00 00 00 00 00 00 00 00 00 00 00 00 00 00 00 00 00 00 00 00 00 00 00 00 00 00 00 00 08 00 00 00 00 00 00 00 0D 00 00 00 00 00 00 00 00 00 05 5A 01 00 00 00 02 00 00 00 42 01 00 00 00 00 00 00 00 00 01 00 00 00 00 00
Hypno-Pendulum         | D9 00 00 00 08 00 00 00 00 00 00 00 00 00 00 00 00 00 00 00 00 00 00 00 00 00 00 00 00 00 00 00 00 00 00 00 00 00 00 00 00 00 00 00 00 00 00 00 00 00 00 00 00 00 00 00 00 00 00 00 00 00 00 00 08 00 00 00 00 00 00 00 0D 00 00 00 00 00 00 00 00 00 03 5A 01 00 00 00 02 00 00 00 42 01 00 00 00 00 00 00 00 00 01 00 00 00 00 00
Scary Mask             | DA 00 00 00 08 00 00 00 00 00 00 00 00 00 00 00 00 00 00 00 00 00 00 00 00 00 00 00 00 00 00 00 00 00 00 00 00 00 00 00 00 00 00 00 00 00 00 00 00 00 00 00 00 00 00 00 00 00 00 00 00 00 00 00 08 00 00 00 00 00 00 00 0D 00 00 00 00 00 00 00 00 00 13 46 01 00 00 00 02 00 00 00 42 01 00 00 00 00 00 00 00 00 01 00 00 00 00 00
Tickle Stick           | DB 00 00 00 08 00 00 00 00 00 00 00 00 00 00 00 00 00 00 00 00 00 00 00 00 00 00 00 00 00 00 00 00 00 00 00 00 00 00 00 00 00 00 00 00 00 00 00 00 00 00 00 00 00 00 00 00 00 00 00 00 00 00 00 08 00 00 00 00 00 00 00 0D 00 00 00 00 00 00 00 00 00 15 46 01 00 00 00 02 00 00 00 42 01 00 00 00 00 00 00 00 00 01 00 00 00 00 00
Drawbridge Key         | DC 00 00 00 08 00 00 00 00 00 00 00 00 00 00 00 00 00 00 00 00 00 00 00 00 00 00 00 00 00 00 00 00 00 00 00 00 00 00 00 00 00 00 00 00 00 00 00 00 00 00 00 00 00 00 00 00 00 00 00 00 00 00 00 08 00 00 00 00 00 00 00 00 00 00 00 00 00 00 00 00 00 00 00 00 00 00 00 02 00 00 00 40 01 00 00 00 00 00 00 00 00 01 00 00 00 00 00
Noble Spittoon         | DD 00 00 00 08 00 00 00 00 00 00 00 00 00 00 00 00 00 00 00 00 00 00 00 00 00 00 00 00 00 00 00 00 00 00 00 00 00 00 00 00 00 00 00 00 00 00 00 00 00 00 00 00 00 00 00 00 00 00 00 00 00 00 00 08 00 00 00 00 00 00 00 00 00 00 00 00 00 00 00 00 00 00 00 00 00 00 00 02 00 00 00 40 01 00 00 00 00 00 00 00 00 01 00 00 00 00 00
Pendant                | DE 00 00 00 08 00 00 00 00 00 00 00 00 00 00 00 00 00 00 00 00 00 00 00 00 00 00 00 00 00 00 00 00 00 00 00 00 00 00 00 00 00 00 00 00 00 00 00 00 00 00 00 00 00 00 00 00 00 00 00 00 00 00 00 08 00 00 00 00 00 00 00 00 00 00 00 00 00 00 00 00 00 00 00 00 00 00 00 02 00 00 00 40 01 00 00 00 00 00 00 00 00 01 00 00 00 00 00
Egg of Light           | DF 00 00 00 08 00 00 00 00 00 00 00 00 00 00 00 00 00 00 00 00 00 00 00 00 00 00 00 00 00 00 00 00 00 00 00 00 00 00 00 00 00 00 00 00 00 00 00 00 00 00 00 00 00 00 00 00 00 00 00 00 00 00 00 08 00 00 00 00 00 00 00 00 00 00 00 00 00 00 00 00 00 00 00 00 00 00 00 02 00 00 00 40 01 00 00 00 00 00 00 00 00 01 00 00 00 00 00
Scrap of Cloth         | E0 00 00 00 08 00 00 00 00 00 00 00 00 00 00 00 00 00 00 00 00 00 00 00 00 00 00 00 00 00 00 00 00 00 00 00 00 00 00 00 00 00 00 00 00 00 00 00 00 00 00 00 00 00 00 00 00 00 00 00 00 00 00 00 08 00 00 00 00 00 00 00 00 00 00 00 00 00 00 00 00 00 00 00 00 00 00 00 02 00 00 00 40 01 00 00 00 00 00 00 00 00 01 00 00 00 00 00
Pig Mark Notebook      | E1 00 00 00 08 00 00 00 00 00 00 00 00 00 00 00 00 00 00 00 00 00 00 00 00 00 00 00 00 00 00 00 00 00 00 00 00 00 00 00 00 00 00 00 00 00 00 00 00 00 00 00 00 00 00 00 00 00 00 00 00 00 00 00 08 00 00 00 00 00 00 00 00 00 00 00 00 00 00 00 00 00 00 00 00 00 00 00 02 00 00 00 40 01 00 00 00 00 00 00 00 00 01 00 00 00 00 00
Child's Shoe           | E2 00 00 00 08 00 00 00 00 00 00 00 00 00 00 00 00 00 00 00 00 00 00 00 00 00 00 00 00 00 00 00 00 00 00 00 00 00 00 00 00 00 00 00 00 00 00 00 00 00 00 00 00 00 00 00 00 00 00 00 00 00 00 00 08 00 00 00 00 00 00 00 00 00 00 00 00 00 00 00 00 00 00 00 00 00 00 00 02 00 00 00 40 01 00 00 00 00 00 00 00 00 01 00 00 00 00 00
Hand File              | E3 00 00 00 08 00 00 00 00 00 00 00 00 00 00 00 00 00 00 00 00 00 00 00 00 00 00 00 00 00 00 00 00 00 00 00 00 00 00 00 00 00 00 00 00 00 00 00 00 00 00 00 00 00 00 00 00 00 00 00 00 00 00 00 08 00 00 00 00 00 00 00 00 00 00 00 00 00 00 00 00 00 00 00 00 00 00 00 02 00 00 00 40 01 00 00 00 00 00 00 00 00 01 00 00 00 00 00
Rope Snake             | E4 00 00 00 08 00 00 00 00 00 00 00 00 00 00 00 00 00 00 00 00 00 00 00 00 00 00 00 00 00 00 00 00 00 00 00 00 00 00 00 00 00 00 00 00 00 00 00 00 00 00 00 00 00 00 00 00 00 00 00 00 00 00 00 08 00 00 00 00 00 00 00 00 00 00 00 00 00 00 00 00 00 00 00 00 00 00 00 02 00 00 00 92 01 00 00 00 00 00 00 00 00 01 00 00 00 00 00
Rope Snake DX          | E5 00 00 00 08 00 00 00 00 00 00 00 00 00 00 00 00 00 00 00 00 00 00 00 00 00 00 00 00 00 00 00 00 00 00 00 00 00 00 00 00 00 00 00 00 00 00 00 00 00 00 00 00 00 00 00 00 00 00 00 00 00 00 00 08 00 00 00 00 00 00 00 00 00 00 00 00 00 00 00 00 00 00 00 00 00 00 00 02 00 00 00 94 01 00 00 00 00 00 00 00 00 01 00 00 00 00 00
Transceiver            | E6 00 00 00 08 00 00 00 00 00 00 00 00 00 00 00 00 00 00 00 00 00 00 00 00 00 00 00 00 00 00 00 00 00 00 00 00 00 00 00 00 00 00 00 00 00 00 00 00 00 00 00 00 00 00 00 00 00 00 00 00 00 00 00 08 00 00 00 00 00 00 00 00 00 00 00 00 00 00 00 00 00 00 00 00 00 00 00 02 00 00 00 40 01 00 00 00 00 00 00 00 00 00 00 00 00 00 00
Ticket                 | E7 00 00 00 08 00 00 00 00 00 00 00 00 00 00 00 00 00 00 00 00 00 00 00 00 00 00 00 00 00 00 00 00 00 00 00 00 00 00 00 00 00 00 00 00 00 00 00 00 00 00 00 00 00 00 00 00 00 00 00 00 00 00 00 08 00 00 00 00 00 00 00 00 00 00 00 00 00 00 00 00 00 00 00 00 00 00 00 02 00 00 00 40 01 00 00 00 00 00 00 00 00 00 00 00 00 00 00
Battle Memory          | E8 00 00 00 08 00 00 00 00 00 00 00 00 00 00 00 00 00 00 00 00 00 00 00 00 00 00 00 00 00 00 00 00 00 00 00 00 00 00 00 00 00 00 00 00 00 00 00 00 00 00 00 00 00 00 00 00 00 00 00 00 00 00 00 08 00 00 00 00 00 00 00 00 00 00 00 00 00 00 00 00 00 00 00 00 00 00 00 02 00 00 00 40 01 00 00 00 00 00 00 00 00 00 00 00 00 00 00
Carrier Pigeon         | E9 00 00 00 08 00 00 00 00 00 00 00 00 00 00 00 00 00 00 00 00 00 00 00 00 00 00 00 00 00 00 00 00 00 00 00 00 00 00 00 00 00 00 00 00 00 00 00 00 00 00 00 00 00 00 00 00 00 00 00 00 00 00 00 08 00 00 00 00 00 00 00 00 00 00 00 00 00 00 00 00 00 00 00 00 00 00 00 02 00 00 00 40 01 00 00 00 00 00 00 00 00 00 00 00 00 00 00
Razor and Lipstick     | EA 00 00 00 07 00 00 00 00 00 00 00 00 00 00 00 00 00 00 00 00 00 00 00 00 00 00 00 00 00 00 00 00 00 00 00 00 00 00 00 00 00 00 00 00 00 00 00 00 00 00 00 00 00 00 00 00 00 00 00 00 00 00 00 08 00 00 00 00 00 00 00 00 00 00 00 00 00 00 00 00 00 00 00 00 00 00 00 02 00 00 00 44 01 00 00 00 00 00 00 00 00 00 00 00 00 00 00
Ionia's Memento        | EB 00 00 00 07 00 00 00 00 00 00 00 00 00 00 00 00 00 00 00 00 00 00 00 00 00 00 00 00 00 00 00 00 00 00 00 00 00 00 00 00 00 00 00 00 00 00 00 00 00 00 00 00 00 00 00 00 00 00 00 00 00 00 00 08 00 00 00 00 00 00 00 00 00 00 00 00 00 00 00 00 00 00 00 00 00 00 00 02 00 00 00 44 01 00 00 00 00 00 00 00 00 00 00 00 00 00 00
Doria's Memento        | EC 00 00 00 07 00 00 00 00 00 00 00 00 00 00 00 00 00 00 00 00 00 00 00 00 00 00 00 00 00 00 00 00 00 00 00 00 00 00 00 00 00 00 00 00 00 00 00 00 00 00 00 00 00 00 00 00 00 00 00 00 00 00 00 08 00 00 00 00 00 00 00 00 00 00 00 00 00 00 00 00 00 00 00 00 00 00 00 02 00 00 00 44 01 00 00 00 00 00 00 00 00 00 00 00 00 00 00
Phrygia's Memento      | ED 00 00 00 07 00 00 00 00 00 00 00 00 00 00 00 00 00 00 00 00 00 00 00 00 00 00 00 00 00 00 00 00 00 00 00 00 00 00 00 00 00 00 00 00 00 00 00 00 00 00 00 00 00 00 00 00 00 00 00 00 00 00 00 08 00 00 00 00 00 00 00 00 00 00 00 00 00 00 00 00 00 00 00 00 00 00 00 02 00 00 00 44 01 00 00 00 00 00 00 00 00 00 00 00 00 00 00
Lydia's Memento        | EE 00 00 00 07 00 00 00 00 00 00 00 00 00 00 00 00 00 00 00 00 00 00 00 00 00 00 00 00 00 00 00 00 00 00 00 00 00 00 00 00 00 00 00 00 00 00 00 00 00 00 00 00 00 00 00 00 00 00 00 00 00 00 00 08 00 00 00 00 00 00 00 00 00 00 00 00 00 00 00 00 00 00 00 00 00 00 00 02 00 00 00 44 01 00 00 00 00 00 00 00 00 00 00 00 00 00 00
Missy's Memento        | EF 00 00 00 07 00 00 00 00 00 00 00 00 00 00 00 00 00 00 00 00 00 00 00 00 00 00 00 00 00 00 00 00 00 00 00 00 00 00 00 00 00 00 00 00 00 00 00 00 00 00 00 00 00 00 00 00 00 00 00 00 00 00 00 08 00 00 00 00 00 00 00 00 00 00 00 00 00 00 00 00 00 00 00 00 00 00 00 02 00 00 00 44 01 00 00 00 00 00 00 00 00 00 00 00 00 00 00
Aeolia's Memento       | F0 00 00 00 07 00 00 00 00 00 00 00 00 00 00 00 00 00 00 00 00 00 00 00 00 00 00 00 00 00 00 00 00 00 00 00 00 00 00 00 00 00 00 00 00 00 00 00 00 00 00 00 00 00 00 00 00 00 00 00 00 00 00 00 08 00 00 00 00 00 00 00 00 00 00 00 00 00 00 00 00 00 00 00 00 00 00 00 02 00 00 00 44 01 00 00 00 00 00 00 00 00 00 00 00 00 00 00
Tazmily Map            | F1 00 00 00 08 00 00 00 00 00 00 00 00 00 00 00 00 00 00 00 00 00 00 00 00 00 00 00 00 00 00 00 00 00 00 00 00 00 00 00 00 00 00 00 00 00 00 00 00 00 00 00 00 00 00 00 00 00 00 00 00 00 00 00 08 00 00 00 00 00 00 00 00 00 00 00 00 00 00 00 00 00 00 00 00 00 00 00 02 00 00 00 40 01 00 00 00 00 00 00 00 00 00 00 00 00 00 00
Osohe Sketch           | F2 00 00 00 08 00 00 00 00 00 00 00 00 00 00 00 00 00 00 00 00 00 00 00 00 00 00 00 00 00 00 00 00 00 00 00 00 00 00 00 00 00 00 00 00 00 00 00 00 00 00 00 00 00 00 00 00 00 00 00 00 00 00 00 08 00 00 00 00 00 00 00 00 00 00 00 00 00 00 00 00 00 00 00 00 00 00 00 02 00 00 00 40 01 00 00 00 00 00 00 00 00 00 00 00 00 00 00
Underground Map        | F3 00 00 00 08 00 00 00 00 00 00 00 00 00 00 00 00 00 00 00 00 00 00 00 00 00 00 00 00 00 00 00 00 00 00 00 00 00 00 00 00 00 00 00 00 00 00 00 00 00 00 00 00 00 00 00 00 00 00 00 00 00 00 00 08 00 00 00 00 00 00 00 00 00 00 00 00 00 00 00 00 00 00 00 00 00 00 00 02 00 00 00 40 01 00 00 00 00 00 00 00 00 00 00 00 00 00 00
Railway Map            | F4 00 00 00 08 00 00 00 00 00 00 00 00 00 00 00 00 00 00 00 00 00 00 00 00 00 00 00 00 00 00 00 00 00 00 00 00 00 00 00 00 00 00 00 00 00 00 00 00 00 00 00 00 00 00 00 00 00 00 00 00 00 00 00 08 00 00 00 00 00 00 00 00 00 00 00 00 00 00 00 00 00 00 00 00 00 00 00 02 00 00 00 40 01 00 00 00 00 00 00 00 00 00 00 00 00 00 00
Area Map               | F5 00 00 00 08 00 00 00 00 00 00 00 00 00 00 00 00 00 00 00 00 00 00 00 00 00 00 00 00 00 00 00 00 00 00 00 00 00 00 00 00 00 00 00 00 00 00 00 00 00 00 00 00 00 00 00 00 00 00 00 00 00 00 00 08 00 00 00 00 00 00 00 00 00 00 00 00 00 00 00 00 00 00 00 00 00 00 00 02 00 00 00 40 01 00 00 00 00 00 00 00 00 00 00 00 00 00 00
Attic Guide            | F6 00 00 00 08 00 00 00 00 00 00 00 00 00 00 00 00 00 00 00 00 00 00 00 00 00 00 00 00 00 00 00 00 00 00 00 00 00 00 00 00 00 00 00 00 00 00 00 00 00 00 00 00 00 00 00 00 00 00 00 00 00 00 00 08 00 00 00 00 00 00 00 00 00 00 00 00 00 00 00 00 00 00 00 00 00 00 00 02 00 00 00 40 01 00 00 00 00 00 00 00 00 00 00 00 00 00 00
Saturn Valley Map      | F7 00 00 00 08 00 00 00 00 00 00 00 00 00 00 00 00 00 00 00 00 00 00 00 00 00 00 00 00 00 00 00 00 00 00 00 00 00 00 00 00 00 00 00 00 00 00 00 00 00 00 00 00 00 00 00 00 00 00 00 00 00 00 00 08 00 00 00 00 00 00 00 00 00 00 00 00 00 00 00 00 00 00 00 00 00 00 00 02 00 00 00 40 01 00 00 00 00 00 00 00 00 00 00 00 00 00 00
Sea Floor Map          | F8 00 00 00 08 00 00 00 00 00 00 00 00 00 00 00 00 00 00 00 00 00 00 00 00 00 00 00 00 00 00 00 00 00 00 00 00 00 00 00 00 00 00 00 00 00 00 00 00 00 00 00 00 00 00 00 00 00 00 00 00 00 00 00 08 00 00 00 00 00 00 00 00 00 00 00 00 00 00 00 00 00 00 00 00 00 00 00 02 00 00 00 40 01 00 00 00 00 00 00 00 00 00 00 00 00 00 00
Cave Map               | F9 00 00 00 08 00 00 00 00 00 00 00 00 00 00 00 00 00 00 00 00 00 00 00 00 00 00 00 00 00 00 00 00 00 00 00 00 00 00 00 00 00 00 00 00 00 00 00 00 00 00 00 00 00 00 00 00 00 00 00 00 00 00 00 08 00 00 00 00 00 00 00 00 00 00 00 00 00 00 00 00 00 00 00 00 00 00 00 02 00 00 00 40 01 00 00 00 00 00 00 00 00 00 00 00 00 00 00
City Map               | FA 00 00 00 08 00 00 00 00 00 00 00 00 00 00 00 00 00 00 00 00 00 00 00 00 00 00 00 00 00 00 00 00 00 00 00 00 00 00 00 00 00 00 00 00 00 00 00 00 00 00 00 00 00 00 00 00 00 00 00 00 00 00 00 08 00 00 00 00 00 00 00 00 00 00 00 00 00 00 00 00 00 00 00 00 00 00 00 02 00 00 00 40 01 00 00 00 00 00 00 00 00 00 00 00 00 00 00
Tower Sketch           | FB 00 00 00 08 00 00 00 00 00 00 00 00 00 00 00 00 00 00 00 00 00 00 00 00 00 00 00 07 00 00 00 00 00 00 00 00 00 00 00 00 00 00 00 00 00 00 00 00 00 00 00 00 00 00 00 00 00 00 00 00 00 00 00 08 00 00 00 00 00 00 00 00 00 00 00 00 00 00 00 00 00 00 00 00 00 00 00 02 00 00 00 40 01 00 00 00 00 00 00 00 00 00 00 00 00 00 00
Chimera Lab Map        | FC 00 00 00 08 00 00 00 00 00 00 00 00 00 00 00 00 00 00 00 00 00 00 00 00 00 00 00 00 00 00 00 00 00 00 00 00 00 00 00 00 00 00 00 00 00 00 00 00 00 00 00 00 00 00 00 00 00 00 00 00 00 00 00 08 00 00 00 00 00 00 00 00 00 00 00 00 00 00 00 00 00 00 00 00 00 00 00 02 00 00 00 40 01 00 00 00 00 00 00 00 00 00 00 00 00 00 00
Cricket Hole Map       | FD 00 00 00 08 00 00 00 00 00 00 00 00 00 00 00 00 00 00 00 00 00 00 00 00 00 00 00 00 00 00 00 00 00 00 00 00 00 00 00 00 00 00 00 00 00 00 00 00 00 00 00 00 00 00 00 00 00 00 00 00 00 00 00 08 00 00 00 00 00 00 00 00 00 00 00 00 00 00 00 00 00 00 00 00 00 00 00 02 00 00 00 40 01 00 00 00 00 00 00 00 00 00 00 00 00 00 00
Highway Map            | FE 00 00 00 08 00 00 00 00 00 00 00 00 00 00 00 00 00 00 00 00 00 00 00 00 00 00 00 00 00 00 00 00 00 00 00 00 00 00 00 00 00 00 00 00 00 00 00 00 00 00 00 00 00 00 00 00 00 00 00 00 00 00 00 08 00 00 00 00 00 00 00 00 00 00 00 00 00 00 00 00 00 00 00 00 00 00 00 02 00 00 00 40 01 00 00 00 00 00 00 00 00 00 00 00 00 00 00
Factory Sketch         | FF 00 00 00 08 00 00 00 00 00 00 00 00 00 00 00 00 00 00 00 00 00 00 00 00 00 00 00 00 00 00 00 00 00 00 00 00 00 00 00 00 00 00 00 00 00 00 00 00 00 00 00 00 00 00 00 00 00 00 00 00 00 00 00 08 00 00 00 00 00 00 00 00 00 00 00 00 00 00 00 00 00 00 00 00 00 00 00 02 00 00 00 40 01 00 00 00 00 00 00 00 00 00 00 00 00 00 00
