Address: 0xE1708
                             00 01 02 03 04 05 06 07
-----------------------------------------------------
00                         | 00 01 00 00 01 00 00 00
01                         | 01 00 A9 00 01 01 00 00
02                         | 02 00 A9 00 01 00 00 00
03                         | 03 03 A9 00 01 00 00 00
04                         | 04 00 A9 00 01 01 00 00
05                         | 05 00 A9 00 01 00 00 00
06                         | 06 00 A9 00 01 00 00 00
07                         | 07 00 A9 00 01 01 00 00
08                         | 08 00 A9 00 01 01 00 00
09                         | 09 03 A9 00 01 00 00 00
0A                         | 0A 02 A9 00 01 00 00 00
0B                         | 0B 00 A9 00 01 00 00 00
0C                         | 0C 02 A9 00 01 00 00 00
0D                         | 0D 02 A9 00 01 00 00 00
0E                         | 0E 00 A9 00 01 00 00 00
0F                         | 0F 02 A9 00 01 00 00 00
10                         | 10 01 00 00 01 00 00 00
11                         | 11 00 00 00 00 00 00 00
12                         | 12 00 AC 00 01 00 00 00
13                         | 13 00 AC 00 01 00 00 00
14                         | 14 00 AE 00 01 00 00 00
15                         | 15 00 AE 00 01 00 00 00
16                         | 16 00 32 00 01 00 00 00
17                         | 17 00 35 00 01 00 00 00
18                         | 18 00 00 00 01 00 00 00
19                         | 19 00 38 00 01 00 00 00
1A                         | 1A 00 3B 00 01 00 00 00
1B                         | 1B 00 AB 00 01 00 00 00
1C                         | 1C 00 AB 00 01 00 00 00
1D                         | 1D 00 AD 00 01 00 00 00
1E                         | 1E 00 AD 00 01 00 00 00
1F                         | 1F 00 00 00 01 00 00 00
20                         | 20 02 A9 00 01 00 00 00
21                         | 21 00 AC 00 01 00 00 00
22                         | 22 00 AE 00 01 00 00 00
23                         | 23 00 4B 00 01 00 00 00
24                         | 24 00 AF 00 00 00 00 00
25                         | 25 00 AE 00 00 00 00 00
26                         | 26 05 22 00 01 00 00 00
27                         | 27 02 A9 00 01 00 00 00
28                         | 28 00 AB 00 01 00 00 00
29                         | 29 00 AD 00 01 00 00 00
2A                         | 2A 00 B1 00 01 00 00 00
2B                         | 2B 00 B1 00 01 00 00 00
2C                         | 2C 00 AC 00 01 00 00 00
2D                         | 2D 00 AE 00 01 00 00 00
2E                         | 2E 00 B2 00 01 00 00 00
2F                         | 2F 00 B2 00 01 00 00 00
30                         | 30 00 00 00 01 00 00 00
31                         | 31 00 AB 00 01 00 00 00
32                         | 32 00 AD 00 01 00 00 00
33                         | 33 01 00 00 00 00 00 00
34                         | 00 00 00 00 00 00 00 00
35                         | 00 00 00 00 00 00 00 00
36                         | 00 00 00 00 00 00 00 00
37                         | 00 00 00 00 00 00 00 00
38                         | 00 00 00 00 00 00 00 00
39                         | 00 00 00 00 00 00 00 00
3A                         | 00 00 00 00 00 00 00 00
3B                         | 00 00 00 00 00 00 00 00
3C                         | 00 00 00 00 00 00 00 00
3D                         | 00 00 00 00 00 00 00 00
3E                         | 00 00 00 00 00 00 00 00
3F                         | 00 00 00 00 00 00 00 00
