Address: 0xC5AC8
                             00 01 02 03 04 05 06 07 08 09 0A 0B
-----------------------------------------------------------------
00                         | A4 01 F1 00 78 00 6C 00 01 00 00 00
01                         | A5 01 F1 00 78 00 1C 00 01 00 00 00
02                         | A6 01 F1 00 96 00 AA 00 01 00 00 00
03                         | A7 01 F1 00 78 00 A4 00 01 00 00 00
04                         | A8 01 F1 00 96 00 D6 00 01 00 00 00
05                         | A9 01 F1 00 B4 00 E8 00 01 00 00 00
06                         | AA 01 F5 00 86 00 28 00 01 00 00 00
07                         | AB 01 F5 00 CC 00 2A 00 01 00 00 00
08                         | AC 01 FE 00 68 01 74 00 01 00 00 00
09                         | AD 01 F1 00 96 00 8A 00 01 00 00 00
0A                         | 87 02 EF 00 82 00 50 00 01 00 00 00
0B                         | DE 03 EF 00 70 00 2C 00 01 00 00 00
0C                         | 00 08 00 00 00 00 00 00 00 00 00 00
0D                         | 00 08 00 00 00 00 00 00 00 00 00 00
0E                         | 00 08 00 00 00 00 00 00 00 00 00 00
0F                         | 00 08 00 00 00 00 00 00 00 00 00 00
10                         | 00 08 00 00 00 00 00 00 00 00 00 00
11                         | 00 08 00 00 00 00 00 00 00 00 00 00
12                         | 00 08 00 00 00 00 00 00 00 00 00 00
13                         | 00 08 00 00 00 00 00 00 00 00 00 00
